0 0
1 1
2 2
3 3
4 4
5 5
6 6
7 7
8 8
9 9
10 10
11 11
12 12
13 13
14 14
15 15
16 16
17 17
18 18
19 19
20 20
21 21
22 22
23 23
24 24
25 25
26 26
27 27
28 28
29 29
30 30
31 31
32 32
33 33
34 34
35 35
36 36
37 37
38 38
39 39
40 40
41 41
41 42
41 43
41 44
41 45
40 45
40 46
39 46
39 47
38 47
38 48
37 48
37 49
37 50
36 50
36 51
35 51
35 52
35 53
34 53
33 53
33 54
33 55
34 55
34 54
35 54
35 55
35 56
34 56
34 57
34 58
34 59
34 60
34 61
33 61
32 61
31 60
32 59
32 58
32 57
31 57
31 56
31 55
32 54
32 53
33 52
33 51
33 50
34 49
35 49
35 48
35 47
36 46
37 46
37 45
38 44
39 43
40 43
40 42
39 42
40 41
41 40
42 41
43 41
44 41
44 40
45 40
46 40
47 40
48 40
48 39
47 39
46 39
45 39
44 39
43 40
42 40
43 39
42 39
41 39
40 39
39 40
39 41
38 42
38 43
37 44
36 45
35 46
34 47
34 48
33 49
32 50
32 51
32 52
31 52
31 51
31 50
32 49
33 48
32 48
31 49
30 50
30 51
30 52
31 53
31 54
30 55
30 56
30 57
31 58
31 59
30 59
30 58
29 58
29 57
29 56
29 55
30 54
30 53
29 53
29 52
29 51
29 50
30 49
31 48
32 47
33 47
34 46
35 45
36 44
37 43
36 43
35 44
34 45
33 46
33 45
34 44
35 43
36 42
37 42
38 41
38 40
37 41
37 40
38 39
39 38
40 38
41 38
42 38
43 38
44 38
45 38
46 38
47 38
48 38
49 39
50 39
51 40
52 41
52 42
51 42
50 42
49 42
48 42
47 42
46 42
46 43
45 43
44 43
43 43
43 44
42 44
42 45
42 46
41 46
41 47
40 47
40 48
39 48
39 49
38 49
38 50
38 51
37 51
37 52
36 52
36 53
36 54
36 55
36 56
36 57
35 57
35 58
35 59
35 60
35 61
35 62
35 63
35 64
36 64
36 63
36 62
36 61
36 60
36 59
36 58
37 58
37 57
37 56
37 55
37 54
37 53
38 53
38 52
39 52
39 51
39 50
40 50
40 49
41 49
41 48
42 48
42 47
43 47
43 46
43 45
44 45
44 44
45 44
45 45
45 46
44 46
44 47
44 48
43 48
43 49
42 49
42 50
41 50
41 51
40 51
40 52
40 53
39 53
39 54
38 54
38 55
38 56
38 57
38 58
38 59
37 59
37 60
37 61
37 62
37 63
37 64
37 65
36 65
36 66
35 66
34 65
34 66
35 67
36 68
37 67
37 66
38 66
38 65
38 64
38 63
38 62
38 61
38 60
39 60
39 59
39 58
39 57
39 56
39 55
40 55
40 54
41 54
41 53
41 52
42 52
42 51
43 51
43 50
44 50
44 49
45 49
45 48
45 47
46 47
46 46
46 45
46 44
47 44
47 43
48 43
48 44
48 45
47 45
47 46
47 47
47 48
46 48
46 49
46 50
45 50
45 51
44 51
44 52
43 52
43 53
42 53
42 54
42 55
41 55
41 56
40 56
40 57
40 58
40 59
40 60
40 61
39 61
39 62
39 63
39 64
39 65
39 66
39 67
38 67
38 68
39 68
39 69
40 69
40 68
40 67
40 66
40 65
40 64
40 63
40 62
41 62
41 61
41 60
41 59
41 58
41 57
42 57
42 56
43 56
43 55
43 54
44 54
44 53
45 53
45 52
46 52
46 51
47 51
47 50
47 49
48 49
48 48
48 47
48 46
49 46
49 45
49 44
49 43
50 43
50 44
50 45
50 46
50 47
49 47
49 48
49 49
49 50
48 50
48 51
48 52
47 52
47 53
46 53
46 54
45 54
45 55
44 55
44 56
44 57
43 57
43 58
42 58
42 59
42 60
42 61
42 62
42 63
41 63
41 64
41 65
41 66
41 67
41 68
41 69
41 70
40 70
39 71
38 70
37 69
37 70
38 71
39 72
40 73
41 74
42 73
42 72
42 71
41 71
42 70
42 69
42 68
42 67
42 66
42 65
42 64
43 64
43 63
43 62
43 61
43 60
43 59
44 59
44 58
45 58
45 57
45 56
46 56
46 55
47 55
47 54
48 54
48 53
49 53
49 52
49 51
50 51
50 50
50 49
50 48
51 48
51 47
51 46
51 45
51 44
51 43
52 43
52 44
52 45
52 46
52 47
52 48
52 49
51 49
51 50
51 51
51 52
50 52
50 53
50 54
49 54
49 55
48 55
48 56
47 56
47 57
46 57
46 58
46 59
45 59
45 60
44 60
44 61
44 62
44 63
44 64
44 65
43 65
43 66
43 67
43 68
43 69
43 70
43 71
43 72
44 72
44 71
44 70
44 69
44 68
44 67
44 66
45 66
45 65
45 64
45 63
45 62
45 61
46 61
46 60
47 60
47 59
47 58
48 58
48 57
49 57
49 56
50 56
50 55
51 55
51 54
51 53
52 53
52 52
52 51
52 50
53 50
53 49
53 48
53 47
53 46
53 45
53 44
53 43
53 42
54 43
54 44
54 45
54 46
54 47
54 48
54 49
54 50
54 51
53 51
53 52
53 53
53 54
52 54
52 55
52 56
51 56
51 57
50 57
50 58
49 58
49 59
48 59
48 60
48 61
47 61
47 62
46 62
46 63
46 64
46 65
46 66
46 67
45 67
45 68
45 69
45 70
45 71
45 72
45 73
45 74
46 73
46 72
46 71
46 70
46 69
46 68
47 68
47 67
47 66
47 65
47 64
47 63
48 63
48 62
49 62
49 61
49 60
50 60
50 59
51 59
51 58
52 58
52 57
53 57
53 56
53 55
54 55
54 54
54 53
54 52
55 52
55 51
55 50
55 49
55 48
55 47
55 46
55 45
55 44
55 43
56 43
56 44
56 45
56 46
56 47
56 48
56 49
56 50
56 51
56 52
56 53
55 53
55 54
55 55
55 56
54 56
54 57
54 58
53 58
53 59
52 59
52 60
51 60
51 61
50 61
50 62
50 63
49 63
49 64
48 64
48 65
48 66
48 67
48 68
48 69
47 69
47 70
47 71
47 72
47 73
48 73
48 72
48 71
48 70
49 70
49 69
49 68
49 67
49 66
49 65
50 65
50 64
51 64
51 63
51 62
52 62
52 61
53 61
53 60
54 60
54 59
55 59
55 58
55 57
56 57
56 56
56 55
56 54
57 54
57 53
57 52
57 51
57 50
57 49
57 48
57 47
57 46
57 45
57 44
58 43
58 42
59 42
60 43
61 44
61 45
60 46
59 46
58 46
58 45
59 45
59 46
59 47
58 47
58 48
58 49
58 50
58 51
58 52
58 53
58 54
58 55
57 55
57 56
57 57
57 58
56 58
56 59
56 60
55 60
55 61
54 61
54 62
53 62
53 63
52 63
52 64
52 65
51 65
51 66
50 66
50 67
50 68
50 69
50 70
50 71
49 71
49 72
49 73
50 73
50 72
51 72
51 71
51 70
51 69
51 68
51 67
52 67
52 66
53 66
53 65
53 64
54 64
54 63
55 63
55 62
56 62
56 61
57 61
57 60
57 59
58 59
58 58
58 57
58 56
59 56
59 55
59 54
59 53
59 52
59 51
59 50
59 49
59 48
60 48
60 47
61 47
61 48
61 49
60 49
60 50
60 51
60 52
60 53
60 54
60 55
60 56
60 57
59 57
59 58
59 59
59 60
58 60
58 61
58 62
57 62
57 63
56 63
56 64
55 64
55 65
54 65
54 66
54 67
53 67
53 68
52 68
52 69
52 70
52 71
52 72
52 73
51 73
51 74
50 74
50 75
49 75
48 75
47 75
48 76
49 76
50 76
51 75
52 75
53 76
54 75
54 74
54 73
53 73
53 72
53 71
53 70
53 69
54 69
54 68
55 68
55 67
55 66
56 66
56 65
57 65
57 64
58 64
58 63
59 63
59 62
59 61
60 61
60 60
60 59
60 58
61 58
61 57
61 56
61 55
61 54
61 53
61 52
61 51
61 50
62 50
62 49
62 48
63 48
63 47
64 48
63 49
63 50
63 51
62 51
62 52
62 53
62 54
62 55
62 56
62 57
62 58
62 59
61 59
61 60
61 61
61 62
60 62
60 63
60 64
59 64
59 65
58 65
58 66
57 66
57 67
56 67
56 68
56 69
55 69
55 70
54 70
54 71
54 72
55 72
55 71
56 71
56 70
57 70
57 69
57 68
58 68
58 67
59 67
59 66
60 66
60 65
61 65
61 64
61 63
62 63
62 62
62 61
62 60
63 60
63 59
63 58
63 57
63 56
63 55
63 54
63 53
63 52
64 52
64 51
65 51
66 52
67 53
66 54
65 54
64 54
64 53
64 54
64 55
64 56
64 57
64 58
64 59
64 60
64 61
63 61
63 62
63 63
63 64
62 64
62 65
62 66
61 66
61 67
60 67
60 68
59 68
59 69
58 69
58 70
58 71
57 71
57 72
56 72
57 71
58 70
59 70
60 69
61 68
62 67
63 67
63 66
63 65
64 64
64 63
64 62
65 61
65 60
65 59
65 58
65 57
65 56
65 55
66 55
67 55
68 56
68 57
68 58
68 59
68 60
67 61
66 61
67 62
66 63
65 64
65 65
64 66
64 67
64 68
64 69
63 70
62 69
61 70
60 71
61 72
62 73
63 74
64 75
65 76
66 77
67 78
68 79
69 80
70 80
71 80
72 80
73 80
74 80
75 80
76 80
77 80
78 79
79 80
79 79
79 78
78 78
77 78
76 78
75 78
74 78
73 78
72 78
71 78
70 78
69 78
68 78
68 77
67 77
67 76
66 76
66 75
65 75
65 74
64 74
64 73
63 73
63 72
62 72
62 71
61 71
60 72
60 73
59 73
59 74
58 74
57 74
56 74
56 75
55 75
55 76
54 76
54 77
53 77
52 77
51 77
50 77
49 77
48 77
47 77
46 77
45 77
44 77
43 77
42 77
41 77
40 77
39 77
38 77
37 77
36 77
35 77
34 77
33 77
32 77
31 77
30 77
29 77
30 76
30 75
29 75
28 75
28 74
27 74
27 73
26 73
27 72
27 71
26 71
25 71
25 70
25 69
25 68
24 68
23 68
23 67
23 66
23 65
22 65
22 64
21 64
21 63
21 62
20 62
20 61
19 61
19 60
18 60
18 59
18 58
17 58
17 57
16 57
16 56
15 56
14 55
14 54
14 53
14 52
13 52
13 51
12 51
12 50
12 49
11 49
10 49
10 48
10 47
10 46
10 45
9 45
8 45
8 44
7 44
7 43
7 42
6 42
6 41
5 41
5 40
4 40
4 39
4 38
3 38
3 37
3 36
2 36
2 35
2 34
1 34
2 34
3 34
3 33
3 32
4 32
4 33
4 34
4 35
3 35
4 36
4 37
5 37
5 36
5 35
5 34
5 33
5 32
6 32
6 31
7 31
7 30
8 30
8 31
8 32
7 32
7 33
6 33
6 34
6 35
6 36
6 37
6 38
5 38
5 39
6 39
6 40
7 40
7 39
7 38
7 37
7 36
7 35
7 34
8 34
8 33
9 33
9 32
9 31
9 30
9 29
10 29
10 28
10 27
11 27
11 28
11 29
11 30
10 30
10 31
10 32
10 33
10 34
9 34
9 35
8 35
8 36
8 37
8 38
8 39
8 40
8 41
7 41
8 42
8 43
9 43
9 42
9 41
9 40
9 39
9 38
9 37
9 36
10 36
10 35
11 35
11 34
11 33
11 32
11 31
12 31
12 30
12 29
12 28
12 27
13 27
13 26
14 26
14 25
15 25
15 26
15 27
14 27
14 28
13 28
13 29
13 30
13 31
13 32
12 32
12 33
12 34
12 35
12 36
11 36
11 37
10 37
10 38
10 39
10 40
10 41
10 42
10 43
10 44
9 44
10 44
11 44
11 43
11 42
11 41
11 40
11 39
11 38
12 38
12 37
13 37
13 36
13 35
13 34
13 33
14 33
14 32
14 31
14 30
14 29
15 29
15 28
16 28
16 27
16 26
16 25
16 24
17 24
17 23
17 22
18 22
18 23
18 24
18 25
17 25
17 26
17 27
17 28
17 29
16 29
16 30
15 30
15 31
15 32
15 33
15 34
14 34
14 35
14 36
14 37
14 38
13 38
13 39
12 39
12 40
12 41
12 42
12 43
12 44
12 45
11 45
11 46
11 47
11 48
12 48
12 47
12 46
13 46
13 45
13 44
13 43
13 42
13 41
13 40
14 40
14 39
15 39
15 38
15 37
15 36
15 35
16 35
16 34
16 33
16 32
16 31
17 31
17 30
18 30
18 29
18 28
18 27
18 26
19 26
19 25
19 24
19 23
19 22
20 22
20 23
20 24
20 25
20 26
20 27
19 27
19 28
19 29
19 30
19 31
18 31
18 32
17 32
17 33
17 34
17 35
17 36
16 36
16 37
16 38
16 39
16 40
15 40
15 41
14 41
14 42
14 43
14 44
14 45
14 46
14 47
13 47
13 48
13 49
13 50
14 50
14 49
14 48
15 48
15 47
15 46
15 45
15 44
15 43
15 42
16 42
16 41
17 41
17 40
17 39
17 38
17 37
18 37
18 36
18 35
18 34
18 33
19 33
19 32
20 32
20 31
20 30
20 29
20 28
21 28
21 27
21 26
21 25
21 24
21 23
21 22
22 21
22 20
21 20
22 20
23 20
23 19
24 19
24 18
25 18
25 19
25 20
24 20
24 21
23 21
23 22
24 22
24 23
25 23
25 22
25 21
26 21
26 20
26 19
26 18
26 17
26 16
27 16
27 17
27 18
27 19
27 20
27 21
27 22
26 22
26 23
26 24
25 24
24 25
23 25
22 25
22 24
22 23
23 24
23 25
23 26
22 26
22 27
22 28
22 29
21 29
21 30
21 31
21 32
21 33
20 33
20 34
19 34
19 35
19 36
19 37
19 38
18 38
18 39
18 40
18 41
18 42
17 42
17 43
16 43
16 44
16 45
16 46
16 47
16 48
16 49
15 49
15 50
15 51
14 51
15 52
15 53
15 54
16 54
16 53
16 52
16 51
16 50
17 50
17 49
17 48
17 47
17 46
17 45
17 44
18 44
18 43
19 43
19 42
19 41
19 40
19 39
20 39
20 38
20 37
20 36
20 35
21 35
21 34
22 34
22 33
22 32
22 31
22 30
23 30
23 29
23 28
23 27
24 27
24 26
25 26
25 27
25 28
24 28
24 29
24 30
24 31
23 31
23 32
23 33
23 34
23 35
22 35
22 36
21 36
21 37
21 38
21 39
21 40
20 40
20 41
20 42
20 43
20 44
19 44
19 45
18 45
18 46
18 47
18 48
18 49
18 50
18 51
17 51
17 52
17 53
17 54
17 55
16 55
17 56
18 56
18 55
18 54
18 53
18 52
19 52
19 51
19 50
19 49
19 48
19 47
19 46
20 46
20 45
21 45
21 44
21 43
21 42
21 41
22 41
22 40
22 39
22 38
22 37
23 37
23 36
24 36
24 35
24 34
24 33
24 32
25 32
25 31
25 30
25 29
26 29
26 28
26 27
27 26
27 25
26 25
27 24
27 23
28 23
28 22
28 21
28 20
28 19
28 18
28 17
28 16
29 16
29 15
30 14
31 15
31 16
30 16
30 17
29 17
29 18
29 19
29 20
29 21
29 22
29 23
29 24
28 24
28 25
28 26
28 27
29 27
29 26
29 25
30 25
30 24
30 23
30 22
30 21
30 20
30 19
30 18
31 18
31 17
32 17
32 16
32 15
32 14
32 13
32 12
33 12
33 13
33 14
33 15
33 16
33 17
33 18
32 18
32 19
31 19
31 20
31 21
31 22
31 23
31 24
31 25
31 26
30 26
30 27
30 28
29 28
28 29
27 29
27 28
27 29
27 30
26 30
26 31
26 32
26 33
25 33
25 34
25 35
25 36
25 37
24 37
24 38
23 38
23 39
23 40
23 41
23 42
22 42
22 43
22 44
22 45
22 46
21 46
21 47
20 47
20 48
20 49
20 50
20 51
20 52
20 53
19 53
19 54
19 55
19 56
19 57
18 57
19 58
19 59
20 59
20 58
20 57
20 56
20 55
20 54
21 54
21 53
21 52
21 51
21 50
21 49
21 48
22 48
22 47
23 47
23 46
23 45
23 44
23 43
24 43
24 42
24 41
24 40
24 39
25 39
25 38
26 38
26 37
26 36
26 35
26 34
27 34
27 33
27 32
27 31
28 31
28 30
29 30
29 31
29 32
28 32
28 33
28 34
28 35
27 35
27 36
27 37
27 38
27 39
26 39
26 40
25 40
25 41
25 42
25 43
25 44
24 44
24 45
24 46
24 47
24 48
23 48
23 49
22 49
22 50
22 51
22 52
22 53
22 54
22 55
21 55
21 56
21 57
21 58
21 59
21 60
20 60
21 61
22 61
22 60
22 59
22 58
22 57
22 56
23 56
23 55
23 54
23 53
23 52
23 51
23 50
24 50
24 49
25 49
25 48
25 47
25 46
25 45
26 45
26 44
26 43
26 42
26 41
27 41
27 40
28 40
28 39
28 38
28 37
28 36
29 36
29 35
29 34
29 33
30 33
30 32
30 31
31 30
31 29
30 29
31 28
31 27
32 27
32 26
32 25
32 24
32 23
32 22
32 21
32 20
33 20
33 19
34 19
34 18
34 17
34 16
34 15
34 14
34 13
34 12
35 12
35 11
36 11
36 10
37 10
37 11
37 12
36 12
36 13
35 13
35 14
35 15
35 16
35 17
35 18
35 19
35 20
34 20
34 21
33 21
33 22
33 23
33 24
33 25
33 26
33 27
33 28
32 28
32 29
32 30
32 31
33 31
33 30
33 29
34 29
34 28
34 27
34 26
34 25
34 24
34 23
34 22
35 22
35 21
36 21
36 20
36 19
36 18
36 17
36 16
36 15
36 14
37 14
37 13
38 13
38 12
38 11
38 10
38 9
39 9
39 8
40 8
40 9
40 10
39 10
39 11
39 12
39 13
39 14
38 14
38 15
37 15
37 16
37 17
37 18
37 19
37 20
37 21
37 22
36 22
36 23
35 23
35 24
35 25
35 26
35 27
35 28
35 29
35 30
34 30
34 31
34 32
33 32
32 33
31 33
31 32
31 33
31 34
30 34
30 35
30 36
30 37
29 37
29 38
29 39
29 40
29 41
28 41
28 42
27 42
27 43
27 44
27 45
27 46
26 46
26 47
26 48
26 49
26 50
25 50
25 51
24 51
24 52
24 53
24 54
24 55
24 56
24 57
23 57
23 58
23 59
23 60
23 61
23 62
22 62
22 63
23 63
23 64
24 64
24 63
24 62
24 61
24 60
24 59
24 58
25 58
25 57
25 56
25 55
25 54
25 53
25 52
26 52
26 51
27 51
27 50
27 49
27 48
27 47
28 47
28 46
28 45
28 44
28 43
29 43
29 42
30 42
30 41
30 40
30 39
30 38
31 38
31 37
31 36
31 35
32 35
32 34
33 34
33 35
33 36
32 36
32 37
32 38
32 39
31 39
31 40
31 41
31 42
31 43
30 43
30 44
29 44
29 45
29 46
29 47
29 48
28 48
28 49
28 50
28 51
28 52
27 52
27 53
26 53
26 54
26 55
26 56
26 57
26 58
26 59
25 59
25 60
25 61
25 62
25 63
25 64
25 65
24 65
24 66
24 67
25 67
25 66
26 66
26 65
26 64
26 63
26 62
26 61
26 60
27 60
27 59
27 58
27 57
27 56
27 55
27 54
28 54
28 53
29 54
28 55
28 56
28 57
28 58
28 59
28 60
28 61
27 61
27 62
27 63
27 64
27 65
27 66
27 67
26 67
26 68
26 69
26 70
27 70
27 69
27 68
28 68
28 67
28 66
28 65
28 64
28 63
28 62
29 62
29 61
29 60
29 59
30 60
30 61
30 62
30 63
29 63
29 64
29 65
29 66
29 67
29 68
29 69
28 69
28 70
28 71
28 72
28 73
29 73
29 72
29 71
29 70
30 70
30 69
30 68
30 67
30 66
30 65
30 64
31 64
31 63
31 62
31 61
32 62
32 63
32 64
32 65
31 65
31 66
31 67
31 68
31 69
31 70
31 71
30 71
30 72
30 73
30 74
29 74
30 74
31 74
31 73
31 72
32 72
32 71
32 70
32 69
32 68
32 67
32 66
33 66
33 65
33 64
33 65
33 66
33 67
33 68
33 69
33 70
33 71
33 72
33 73
32 73
32 74
32 75
31 75
31 76
32 76
33 76
33 75
33 74
34 74
34 73
34 72
34 71
34 70
34 69
34 68
34 67
35 68
35 69
35 70
35 71
35 72
35 73
35 74
35 75
34 75
34 76
35 76
36 76
36 75
36 74
36 73
36 72
36 71
36 70
36 69
37 70
37 71
37 72
37 73
37 74
37 75
37 76
38 76
38 75
38 74
38 73
38 72
39 73
39 74
39 75
39 76
40 76
40 75
40 74
41 75
41 76
42 76
42 75
42 74
43 74
43 75
43 76
44 76
44 75
45 75
45 76
46 76
47 76
47 77
47 78
46 78
45 78
44 78
43 78
42 78
41 78
40 78
39 78
38 78
37 78
36 78
35 78
34 78
33 78
32 78
32 79
32 80
33 80
33 79
34 79
34 80
34 81
33 81
34 82
34 83
33 83
34 84
35 84
35 83
35 82
35 81
35 80
35 79
36 79
36 80
36 81
36 82
36 83
36 84
36 85
36 86
36 87
37 87
37 86
37 85
37 84
37 83
37 82
37 81
37 80
37 79
38 79
38 80
38 81
38 82
38 83
38 84
38 85
38 86
38 87
38 88
37 88
38 88
39 88
39 87
39 86
39 85
39 84
39 83
39 82
39 81
39 80
39 79
40 79
40 80
40 81
40 82
40 83
40 84
40 85
40 86
40 87
40 88
40 89
39 89
39 90
40 90
40 91
41 91
41 90
41 89
41 88
41 87
41 86
41 85
41 84
41 83
41 82
41 81
41 80
41 79
42 79
42 80
42 81
42 82
42 83
42 84
42 85
42 86
42 87
42 88
42 89
42 90
42 91
42 92
41 92
41 93
41 94
42 94
42 93
43 93
43 92
43 91
43 90
43 89
43 88
43 87
43 86
43 85
43 84
43 83
43 82
43 81
43 80
43 79
44 79
44 80
44 81
44 82
44 83
44 84
44 85
44 86
44 87
44 88
44 89
44 90
44 91
44 92
44 93
44 94
43 94
43 95
44 95
45 95
45 94
45 93
45 92
45 91
45 90
45 89
45 88
45 87
45 86
45 85
45 84
45 83
45 82
45 81
45 80
45 79
46 79
46 80
46 81
46 82
46 83
46 84
46 85
46 86
46 87
46 88
46 89
46 90
46 91
46 92
46 93
46 94
46 95
46 96
45 96
45 97
45 98
44 98
43 97
42 96
43 97
44 97
45 97
46 97
46 98
46 99
47 99
47 98
47 97
47 96
47 95
47 94
47 93
47 92
47 91
47 90
47 89
47 88
47 87
47 86
47 85
47 84
47 83
47 82
47 81
47 80
47 79
48 79
48 78
49 78
49 79
49 80
48 80
48 81
48 82
48 83
48 84
48 85
48 86
48 87
48 88
48 89
48 90
48 91
48 92
48 93
48 94
48 95
48 96
48 97
48 98
48 99
49 99
49 98
49 97
49 96
49 95
49 94
49 93
49 92
49 91
49 90
49 89
49 88
49 87
49 86
49 85
49 84
49 83
49 82
49 81
50 81
50 80
50 79
50 78
51 78
51 79
51 80
51 81
51 82
50 82
50 83
50 84
50 85
50 86
50 87
50 88
50 89
50 90
50 91
50 92
50 93
50 94
50 95
50 96
50 97
50 98
51 97
51 96
51 95
51 94
51 93
51 92
51 91
51 90
51 89
51 88
51 87
51 86
51 85
51 84
51 83
52 83
52 82
52 81
52 80
52 79
52 78
53 78
53 79
53 80
53 81
53 82
53 83
53 84
52 84
52 85
52 86
52 87
52 88
52 89
52 90
52 91
52 92
52 93
52 94
52 95
52 96
52 97
53 96
53 95
53 94
53 93
53 92
53 91
53 90
53 89
53 88
53 87
53 86
53 85
54 85
54 84
54 83
54 82
54 81
54 80
54 79
54 78
55 78
55 77
56 77
56 76
57 76
57 75
58 75
58 76
58 77
57 77
57 78
56 78
56 79
55 79
55 80
55 81
55 82
55 83
55 84
55 85
55 86
54 86
54 87
54 88
54 89
54 90
54 91
54 92
54 93
54 94
54 95
54 96
55 95
55 94
55 93
55 92
55 91
55 90
55 89
55 88
55 87
56 87
56 86
56 85
56 84
56 83
56 82
56 81
56 80
57 80
57 79
58 79
58 78
59 78
59 77
59 76
59 75
60 75
60 74
61 74
61 73
62 74
62 75
61 75
61 76
60 76
60 77
60 78
60 79
59 79
59 80
58 80
58 81
57 81
57 82
57 83
57 84
57 85
57 86
57 87
57 88
56 88
56 89
56 90
56 91
56 92
56 93
56 94
57 94
57 93
57 92
57 91
57 90
57 89
58 89
58 88
58 87
58 86
58 85
58 84
58 83
58 82
59 82
59 81
60 81
60 80
61 80
61 79
61 78
61 77
62 77
62 76
63 76
63 75
64 76
64 77
63 77
63 78
62 78
62 79
62 80
62 81
61 81
61 82
60 82
60 83
59 83
59 84
59 85
59 86
59 87
59 88
59 89
59 90
58 90
58 91
58 92
59 92
59 91
60 91
60 90
60 89
60 88
60 87
60 86
60 85
60 84
61 84
61 83
62 83
62 82
63 82
63 81
63 80
63 79
64 79
64 78
65 78
65 77
66 78
66 79
65 79
65 80
64 80
64 81
64 82
64 83
63 83
63 84
62 84
62 85
61 85
61 86
61 87
61 88
61 89
61 90
62 90
62 89
62 88
62 87
62 86
63 86
63 85
64 85
64 84
65 84
65 83
65 82
65 81
66 81
66 80
67 80
67 79
68 80
68 81
67 81
67 82
66 82
66 83
66 84
66 85
65 85
65 86
64 86
64 87
63 87
63 88
63 89
63 90
64 89
65 88
65 87
66 87
66 86
67 86
67 85
67 84
67 83
68 83
68 82
69 82
69 81
70 81
70 82
70 83
69 83
69 84
68 84
68 85
68 86
69 86
69 85
70 84
71 84
71 83
71 82
71 81
72 81
72 82
72 83
73 82
73 81
74 81
74 82
75 81
75 80
75 79
74 79
73 79
72 79
71 79
70 79
69 79
69 78
69 77
69 76
68 76
68 75
67 75
67 74
66 74
66 73
65 73
65 72
64 72
64 71
63 71
62 70
63 70
64 70
65 70
65 69
65 68
65 67
66 67
66 66
66 65
66 64
67 64
67 63
68 63
68 62
68 61
69 61
69 60
69 59
69 58
69 57
69 56
69 55
68 55
68 54
67 54
68 53
68 52
67 52
67 51
66 51
66 50
66 49
65 49
65 48
65 47
64 47
64 46
63 46
63 45
62 45
62 44
62 43
61 43
61 42
60 42
60 41
59 41
58 41
57 41
56 41
55 41
55 40
54 40
53 40
52 40
52 39
51 39
51 38
50 38
49 38
49 37
48 37
47 37
46 37
45 37
44 37
43 37
42 37
41 37
40 37
39 37
38 37
38 36
37 36
37 35
36 35
36 34
35 34
35 33
34 33
35 32
35 31
36 31
36 30
36 29
36 28
36 27
36 26
36 25
36 24
37 24
37 23
38 23
38 22
38 21
38 20
38 19
38 18
38 17
38 16
39 16
39 15
40 15
40 14
40 13
40 12
40 11
41 11
41 10
41 9
41 8
41 7
42 7
42 6
42 5
43 6
43 7
43 8
42 8
42 9
42 10
42 11
42 12
41 12
41 13
41 14
41 15
41 16
40 16
40 17
39 17
39 18
39 19
39 20
39 21
39 22
39 23
39 24
38 24
38 25
37 25
37 26
37 27
37 28
37 29
37 30
37 31
37 32
36 32
36 33
37 33
37 34
38 34
38 33
38 32
38 31
38 30
38 29
38 28
38 27
38 26
39 26
39 25
40 25
40 24
40 23
40 22
40 21
40 20
40 19
40 18
41 18
41 17
42 17
42 16
42 15
42 14
42 13
43 13
43 12
43 11
43 10
43 9
44 9
44 8
44 7
44 6
44 5
45 5
45 4
46 4
46 5
46 6
45 6
45 7
45 8
45 9
45 10
44 10
44 11
44 12
44 13
44 14
43 14
43 15
43 16
43 17
43 18
42 18
42 19
41 19
41 20
41 21
41 22
41 23
41 24
41 25
41 26
40 26
40 27
39 27
39 28
39 29
39 30
39 31
39 32
39 33
39 34
39 35
38 35
39 36
40 36
40 35
40 34
40 33
40 32
40 31
40 30
40 29
40 28
41 28
41 27
42 27
42 26
42 25
42 24
42 23
42 22
42 21
42 20
43 20
43 19
44 19
44 18
44 17
44 16
44 15
45 15
45 14
45 13
45 12
45 11
46 11
46 10
46 9
46 8
46 7
47 7
47 6
47 5
47 4
47 3
48 3
48 2
49 2
49 3
49 4
48 4
48 5
48 6
48 7
48 8
47 8
47 9
47 10
47 11
47 12
46 12
46 13
46 14
46 15
46 16
45 16
45 17
45 18
45 19
45 20
44 20
44 21
43 21
43 22
43 23
43 24
43 25
43 26
43 27
43 28
42 28
42 29
41 29
41 30
41 31
41 32
41 33
41 34
41 35
41 36
42 36
42 35
42 34
42 33
42 32
42 31
42 30
43 30
43 29
44 29
44 28
44 27
44 26
44 25
44 24
44 23
44 22
45 22
45 21
46 21
46 20
46 19
46 18
46 17
47 17
47 16
47 15
47 14
47 13
48 13
48 12
48 11
48 10
48 9
49 9
49 8
49 7
49 6
49 5
50 5
50 4
50 3
50 2
50 1
51 1
51 0
52 0
52 1
52 2
51 2
51 3
51 4
51 5
51 6
50 6
50 7
50 8
50 9
50 10
49 10
49 11
49 12
49 13
49 14
48 14
48 15
48 16
48 17
48 18
47 18
47 19
47 20
47 21
47 22
46 22
46 23
45 23
45 24
45 25
45 26
45 27
45 28
45 29
45 30
44 30
44 31
43 31
43 32
43 33
43 34
43 35
43 36
44 36
44 35
44 34
44 33
44 32
45 32
45 31
46 31
46 30
46 29
46 28
46 27
46 26
46 25
46 24
47 24
47 23
48 23
48 22
48 21
48 20
48 19
49 19
49 18
49 17
49 16
49 15
50 15
50 14
50 13
50 12
50 11
51 11
51 10
51 9
51 8
51 7
52 7
52 6
52 5
52 4
52 3
53 3
53 2
53 1
53 0
54 1
54 2
54 3
54 4
53 4
53 5
53 6
53 7
53 8
52 8
52 9
52 10
52 11
52 12
51 12
51 13
51 14
51 15
51 16
50 16
50 17
50 18
50 19
50 20
49 20
49 21
49 22
49 23
49 24
48 24
48 25
47 25
47 26
47 27
47 28
47 29
47 30
47 31
47 32
46 32
46 33
45 33
45 34
45 35
45 36
46 36
46 35
46 34
47 34
47 33
48 33
48 32
48 31
48 30
48 29
48 28
48 27
48 26
49 26
49 25
50 25
50 24
50 23
50 22
50 21
51 21
51 20
51 19
51 18
51 17
52 17
52 16
52 15
52 14
52 13
53 13
53 12
53 11
53 10
53 9
54 9
54 8
54 7
54 6
54 5
55 5
55 4
55 3
55 2
55 1
56 2
56 3
56 4
56 5
56 6
55 6
55 7
55 8
55 9
55 10
54 10
54 11
54 12
54 13
54 14
53 14
53 15
53 16
53 17
53 18
52 18
52 19
52 20
52 21
52 22
51 22
51 23
51 24
51 25
51 26
50 26
50 27
49 27
49 28
49 29
49 30
49 31
49 32
49 33
49 34
48 34
48 35
47 35
47 36
48 36
49 36
49 35
50 35
50 34
50 33
50 32
50 31
50 30
50 29
50 28
51 28
51 27
52 27
52 26
52 25
52 24
52 23
53 23
53 22
53 21
53 20
53 19
54 19
54 18
54 17
54 16
54 15
55 15
55 14
55 13
55 12
55 11
56 11
56 10
56 9
56 8
56 7
57 7
57 6
57 5
57 4
58 5
58 6
58 7
58 8
57 8
57 9
57 10
57 11
57 12
56 12
56 13
56 14
56 15
56 16
55 16
55 17
55 18
55 19
55 20
54 20
54 21
54 22
54 23
54 24
53 24
53 25
53 26
53 27
53 28
52 28
52 29
51 29
51 30
51 31
51 32
51 33
51 34
51 35
51 36
50 36
50 37
51 37
52 37
52 36
52 35
52 34
52 33
52 32
52 31
52 30
53 30
53 29
54 29
54 28
54 27
54 26
54 25
55 25
55 24
55 23
55 22
55 21
56 21
56 20
56 19
56 18
56 17
57 17
57 16
57 15
57 14
57 13
58 13
58 12
58 11
58 10
58 9
59 9
59 8
59 9
59 10
59 11
59 12
59 13
59 14
58 14
58 15
58 16
58 17
58 18
57 18
57 19
57 20
57 21
57 22
56 22
56 23
56 24
56 25
56 26
55 26
55 27
55 28
55 29
55 30
54 30
54 31
53 31
53 32
53 33
53 34
53 35
53 36
53 37
53 38
52 38
53 39
54 39
54 38
54 37
54 36
54 35
54 34
54 33
54 32
55 32
55 31
56 31
56 30
56 29
56 28
56 27
57 27
57 26
57 25
57 24
57 23
58 23
58 22
58 21
58 20
58 19
59 19
59 18
59 17
59 16
59 15
60 15
60 14
60 13
60 12
60 11
60 10
61 11
61 12
61 13
61 14
61 15
61 16
60 16
60 17
60 18
60 19
60 20
59 20
59 21
59 22
59 23
59 24
58 24
58 25
58 26
58 27
58 28
57 28
57 29
57 30
57 31
57 32
56 32
56 33
55 33
55 34
55 35
55 36
55 37
55 38
55 39
56 39
56 38
56 37
56 36
56 35
56 34
57 34
57 33
58 33
58 32
58 31
58 30
58 29
59 29
59 28
59 27
59 26
59 25
60 25
60 24
60 23
60 22
60 21
61 21
61 20
61 19
61 18
61 17
62 17
62 16
62 15
62 14
62 13
63 14
63 15
63 16
63 17
63 18
62 18
62 19
62 20
62 21
62 22
61 22
61 23
61 24
61 25
61 26
60 26
60 27
60 28
60 29
60 30
59 30
59 31
59 32
59 33
59 34
58 34
58 35
57 35
57 36
57 37
57 38
57 39
57 40
56 40
57 40
58 40
58 39
58 38
58 37
58 36
59 36
59 35
60 35
60 34
60 33
60 32
60 31
61 31
61 30
61 29
61 28
61 27
62 27
62 26
62 25
62 24
62 23
63 23
63 22
63 21
63 20
63 19
64 19
64 18
64 17
64 16
65 17
65 18
65 19
65 20
64 20
64 21
64 22
64 23
64 24
63 24
63 25
63 26
63 27
63 28
62 28
62 29
62 30
62 31
62 32
61 32
61 33
61 34
61 35
61 36
60 36
60 37
59 37
59 38
59 39
59 40
60 40
60 39
60 38
61 38
61 37
62 37
62 36
62 35
62 34
62 33
63 33
63 32
63 31
63 30
63 29
64 29
64 28
64 27
64 26
64 25
65 25
65 24
65 23
65 22
65 21
66 21
66 20
66 19
66 18
66 17
67 18
67 19
67 20
67 21
67 22
66 22
66 23
66 24
66 25
66 26
65 26
65 27
65 28
65 29
65 30
64 30
64 31
64 32
64 33
64 34
63 34
63 35
63 36
63 37
63 38
62 38
62 39
61 39
61 40
61 41
62 41
62 40
63 40
63 39
64 39
64 38
64 37
64 36
64 35
65 35
65 34
65 33
65 32
65 31
66 31
66 30
66 29
66 28
66 27
67 27
67 26
67 25
67 24
67 23
68 23
68 22
68 21
69 22
69 23
69 24
68 24
68 25
68 26
68 27
68 28
67 28
67 29
67 30
67 31
67 32
66 32
66 33
66 34
66 35
66 36
65 36
65 37
65 38
65 39
65 40
64 40
64 41
63 41
63 42
62 42
63 43
63 44
64 44
64 43
64 42
65 42
65 41
66 41
66 40
66 39
66 38
66 37
67 37
67 36
67 35
67 34
67 33
68 33
68 32
68 31
68 30
68 29
69 29
69 28
69 27
69 26
69 25
70 25
70 24
70 23
70 24
70 25
70 26
70 27
70 28
70 29
70 30
69 30
69 31
69 32
69 33
69 34
68 34
68 35
68 36
68 37
68 38
67 38
67 39
67 40
67 41
67 42
66 42
66 43
65 43
65 44
65 45
64 45
65 46
66 46
66 45
66 44
67 44
67 43
68 43
68 42
68 41
68 40
68 39
69 39
69 38
69 37
69 36
69 35
70 35
70 34
70 33
70 32
70 31
71 31
71 30
71 29
71 28
71 27
71 26
72 27
72 28
72 29
72 30
72 31
72 32
71 32
71 33
71 34
71 35
71 36
70 36
70 37
70 38
70 39
70 40
69 40
69 41
69 42
69 43
69 44
68 44
68 45
67 45
67 46
67 47
66 47
66 48
67 48
67 49
67 50
68 50
68 49
68 48
68 47
68 46
69 46
69 45
70 45
70 44
70 43
70 42
70 41
71 41
71 40
71 39
71 38
71 37
72 37
72 36
72 35
72 34
72 33
73 33
73 32
73 31
73 30
73 29
73 28
73 27
74 28
74 29
74 30
74 31
74 32
74 33
74 34
73 34
73 35
73 36
73 37
73 38
72 38
72 39
72 40
72 41
72 42
71 42
71 43
71 44
71 45
71 46
70 46
70 47
69 47
69 48
69 49
69 50
69 51
68 51
69 52
69 53
69 54
70 54
70 53
70 52
70 51
70 50
70 49
70 48
71 48
71 47
72 47
72 46
72 45
72 44
72 43
73 43
73 42
73 41
73 40
73 39
74 39
74 38
74 37
74 36
74 35
75 35
75 34
75 33
75 32
76 33
76 34
76 35
76 36
75 36
75 37
75 38
75 39
75 40
74 40
74 41
74 42
74 43
74 44
73 44
73 45
73 46
73 47
73 48
72 48
72 49
71 49
71 50
71 51
71 52
71 53
71 54
71 55
70 55
70 56
70 57
70 58
70 59
70 60
70 61
70 62
69 62
69 63
69 64
68 64
68 65
67 65
67 66
67 67
67 68
66 68
66 69
66 70
66 71
65 71
66 72
67 72
67 71
67 70
67 69
68 69
68 68
68 67
68 66
69 66
69 65
70 65
70 64
70 63
71 63
71 62
71 61
71 60
71 59
71 58
71 57
71 56
72 56
72 55
72 54
72 53
72 52
72 51
72 50
73 50
73 49
74 49
74 48
74 47
74 46
74 45
75 45
75 44
75 43
75 42
75 41
76 41
76 40
76 39
76 38
76 37
77 37
77 36
77 35
77 34
77 33
78 34
78 35
78 36
78 37
78 38
77 38
77 39
77 40
77 41
77 42
76 42
76 43
76 44
76 45
76 46
75 46
75 47
75 48
75 49
75 50
74 50
74 51
73 51
73 52
73 53
73 54
73 55
73 56
73 57
72 57
72 58
72 59
72 60
72 61
72 62
72 63
72 64
71 64
71 65
71 66
70 66
70 67
69 67
69 68
69 69
69 70
68 70
68 71
68 72
68 73
67 73
68 74
69 74
69 73
69 72
69 71
70 71
70 70
70 69
70 68
71 68
71 67
72 67
72 66
72 65
73 65
73 64
73 63
73 62
73 61
73 60
73 59
73 58
74 58
74 57
74 56
74 55
74 54
74 53
74 52
75 52
75 51
76 51
76 50
76 49
76 48
76 47
77 47
77 46
77 45
77 44
77 43
78 43
78 42
78 41
78 40
78 39
79 39
79 38
79 37
79 38
79 39
79 40
79 41
79 42
79 43
79 44
78 44
78 45
78 46
78 47
78 48
77 48
77 49
77 50
77 51
77 52
76 52
76 53
75 53
75 54
75 55
75 56
75 57
75 58
75 59
74 59
74 60
74 61
74 62
74 63
74 64
74 65
74 66
73 66
73 67
73 68
72 68
72 69
71 69
71 70
71 71
71 72
70 72
70 73
70 74
70 75
69 75
70 76
70 77
71 77
71 76
71 75
71 74
71 73
72 73
72 72
72 71
72 70
73 70
73 69
74 69
74 68
74 67
75 67
75 66
75 65
75 64
75 63
75 62
75 61
75 60
76 60
76 59
76 58
76 57
76 56
76 55
76 54
77 54
77 53
78 53
78 52
78 51
78 50
78 49
79 49
79 48
79 47
79 46
79 45
80 45
80 44
80 43
80 42
80 41
80 40
81 40
81 41
81 42
81 43
81 44
81 45
81 46
80 46
80 47
80 48
80 49
80 50
79 50
79 51
79 52
79 53
79 54
78 54
78 55
77 55
77 56
77 57
77 58
77 59
77 60
77 61
76 61
76 62
76 63
76 64
76 65
76 66
76 67
76 68
75 68
75 69
75 70
74 70
74 71
73 71
73 72
73 73
73 74
72 74
72 75
72 76
72 77
73 77
73 76
73 75
74 75
74 74
74 73
74 72
75 72
75 71
76 71
76 70
76 69
77 69
77 68
77 67
77 66
77 65
77 64
77 63
77 62
78 62
78 61
78 60
78 59
78 58
78 57
78 56
79 56
79 55
80 55
80 54
80 53
80 52
80 51
81 51
81 50
81 49
81 48
81 47
82 47
82 46
82 45
82 44
82 43
82 42
82 41
83 42
83 43
83 44
83 45
83 46
83 47
83 48
82 48
82 49
82 50
82 51
82 52
81 52
81 53
81 54
81 55
81 56
80 56
80 57
79 57
79 58
79 59
79 60
79 61
79 62
79 63
78 63
78 64
78 65
78 66
78 67
78 68
78 69
78 70
77 70
77 71
77 72
76 72
76 73
75 73
75 74
75 75
75 76
74 76
74 77
75 77
76 77
76 76
76 75
76 74
77 74
77 73
78 73
78 72
78 71
79 71
79 70
79 69
79 68
79 67
79 66
79 65
79 64
80 64
80 63
80 62
80 61
80 60
80 59
80 58
81 58
81 57
82 57
82 56
82 55
82 54
82 53
83 53
83 52
83 51
83 50
83 49
84 49
84 48
84 47
84 46
84 45
84 44
85 45
85 46
85 47
85 48
85 49
85 50
84 50
84 51
84 52
84 53
84 54
83 54
83 55
83 56
83 57
83 58
82 58
82 59
81 59
81 60
81 61
81 62
81 63
81 64
81 65
80 65
80 66
80 67
80 68
80 69
80 70
80 71
80 72
79 72
79 73
79 74
78 74
78 75
77 75
77 76
77 77
78 77
78 76
79 76
79 75
80 75
80 74
80 73
81 73
81 72
81 71
81 70
81 69
81 68
81 67
81 66
82 66
82 65
82 64
82 63
82 62
82 61
82 60
83 60
83 59
84 59
84 58
84 57
84 56
84 55
85 55
85 54
85 53
85 52
85 51
86 51
86 50
86 49
86 48
86 47
86 46
86 45
87 46
87 47
87 48
87 49
87 50
87 51
87 52
86 52
86 53
86 54
86 55
86 56
85 56
85 57
85 58
85 59
85 60
84 60
84 61
83 61
83 62
83 63
83 64
83 65
83 66
83 67
82 67
82 68
82 69
82 70
82 71
82 72
82 73
82 74
81 74
81 75
81 76
80 76
80 77
79 77
80 78
81 78
81 77
82 76
82 75
83 75
83 74
83 73
83 72
83 71
83 70
83 69
83 68
84 68
84 67
84 66
84 65
84 64
84 63
84 62
85 62
85 61
86 61
86 60
86 59
86 58
86 57
87 57
87 56
87 55
87 54
87 53
88 53
88 52
88 51
88 50
89 51
89 52
89 53
89 54
88 54
88 55
88 56
88 57
88 58
87 58
87 59
87 60
87 61
87 62
86 62
86 63
85 63
85 64
85 65
85 66
85 67
85 68
85 69
84 69
84 70
84 71
84 72
84 73
84 74
84 75
85 74
85 73
85 72
85 71
85 70
86 70
86 69
86 68
86 67
86 66
86 65
86 64
87 64
87 63
88 63
88 62
88 61
88 60
88 59
89 59
89 58
89 57
89 56
89 55
90 55
90 54
90 53
90 52
91 53
91 54
91 55
91 56
90 56
90 57
90 58
90 59
90 60
89 60
89 61
89 62
89 63
89 64
88 64
88 65
87 65
87 66
87 67
87 68
87 69
87 70
87 71
86 71
86 72
86 73
86 74
87 73
87 72
88 72
88 71
88 70
88 69
88 68
88 67
88 66
89 66
89 65
90 65
90 64
90 63
90 62
90 61
91 61
91 60
91 59
91 58
91 57
92 57
92 56
93 57
93 58
92 58
92 59
92 60
92 61
92 62
91 62
91 63
91 64
91 65
91 66
90 66
90 67
89 67
89 68
89 69
89 70
89 71
90 70
90 69
90 68
91 68
91 67
92 67
92 66
92 65
92 64
92 63
93 63
93 62
93 61
93 60
93 59
94 59
94 58
94 59
94 60
94 61
94 62
94 63
94 64
93 64
93 65
93 66
93 67
93 68
92 68
92 69
91 69
91 70
92 69
93 69
94 68
94 67
94 66
94 65
95 65
95 64
95 63
95 62
95 61
95 60
96 61
97 62
97 63
97 64
96 64
96 65
96 66
95 66
95 67
96 66
97 66
97 65
97 66
97 67
97 68
98 67
99 66
99 65
99 64
99 63
99 62
98 63
97 64
96 65
95 66
94 67
93 68
92 69
91 70
90 71
89 72
88 73
87 74
86 75
85 76
84 77
83 78
82 79
81 79
80 79
79 79
78 79
77 79
76 79
75 80
74 81
73 82
72 83
71 84
70 85
69 86
68 87
67 88
66 88
65 87
64 86
63 85
62 84
61 83
60 82
59 81
58 80
57 79
56 78
55 77
54 76
53 76
52 76
51 76
50 75
49 74
48 73
47 72
46 71
45 70
44 69
43 68
42 67
41 66
40 65
39 64
38 63
37 62
36 61
35 60
34 59
33 58
32 57
31 56
30 55
29 54
29 53
29 52
29 51
29 50
29 49
30 48
30 47
30 46
30 45
31 45
31 44
32 44
32 43
32 42
32 41
32 40
33 40
33 39
33 38
33 37
34 37
34 36
34 35
35 36
35 37
35 38
34 38
34 39
34 40
34 41
33 41
33 42
33 43
33 44
32 45
32 46
31 46
31 47
32 46
33 45
34 44
34 43
34 42
35 42
35 41
35 40
35 39
36 39
36 38
36 37
37 38
37 39
36 40
36 41
35 42
34 43
33 44
32 45
31 46
30 46
29 46
28 46
27 46
26 46
25 46
24 46
23 46
22 46
21 46
20 46
19 46
18 46
17 46
16 46
15 46
14 46
13 46
12 46
11 46
10 46
9 46
8 46
9 45
10 44
11 43
12 42
13 41
14 40
15 39
16 38
17 37
18 36
19 35
20 34
21 33
22 32
23 31
24 30
25 30
26 30
27 30
28 30
29 30
30 30
31 30
32 30
33 30
34 30
35 30
36 30
37 30
38 30
39 30
40 30
41 30
42 30
43 30
44 30
45 30
46 30
47 30
48 30
49 30
50 30
51 30
52 30
53 30
54 30
55 30
56 30
57 30
58 30
59 30
60 30
61 30
62 30
63 30
64 30
65 30
66 30
67 30
68 30
69 30
70 30
71 30
72 30
73 30
74 30
75 30
