0 0
1 1
2 2
3 3
4 4
5 5
6 6
7 7
8 8
9 9
10 10
11 11
12 12
13 13
14 14
15 15
16 16
17 17
18 18
19 19
20 20
21 21
22 22
23 23
24 24
25 25
26 26
27 27
28 28
29 29
30 30
31 31
32 32
33 33
34 34
35 35
36 36
37 37
38 38
39 39
40 40
41 41
42 42
42 43
41 43
41 44
41 45
40 45
40 46
40 47
40 48
39 48
39 49
39 50
40 50
40 49
41 49
41 48
41 47
41 46
42 46
42 45
42 44
43 44
43 43
43 42
43 41
44 41
44 40
45 40
45 39
46 39
46 38
47 38
47 37
48 37
48 38
48 39
47 39
47 40
46 40
46 41
45 41
45 42
44 42
44 43
44 44
44 45
43 45
43 46
43 47
42 47
42 48
42 49
42 50
41 50
41 51
40 51
40 52
40 53
39 53
39 54
39 55
40 55
40 54
41 54
41 53
41 52
42 52
42 51
43 51
43 50
43 49
43 48
44 48
44 47
44 46
45 46
45 45
45 44
45 43
46 43
46 42
47 42
47 41
48 41
48 40
49 40
49 39
49 38
49 37
49 36
50 37
50 38
50 39
50 40
50 41
49 41
49 42
48 42
48 43
47 43
47 44
46 44
46 45
46 46
46 47
45 47
45 48
45 49
44 49
44 50
44 51
44 52
43 52
43 53
42 53
42 54
42 55
41 55
41 56
40 56
40 57
40 58
41 58
41 57
42 57
42 56
43 56
43 55
43 54
44 54
44 53
45 53
45 52
45 51
45 50
46 50
46 49
46 48
47 48
47 47
47 46
47 45
48 45
48 44
49 44
49 43
50 43
50 42
51 42
51 41
51 40
51 39
51 38
51 37
51 36
52 36
52 35
53 35
53 36
53 37
52 37
52 38
52 39
52 40
52 41
52 42
52 43
51 43
51 44
50 44
50 45
49 45
49 46
48 46
48 47
48 48
48 49
47 49
47 50
47 51
46 51
46 52
46 53
46 54
45 54
45 55
44 55
44 56
44 57
43 57
43 58
42 58
42 59
41 59
41 60
42 60
43 60
43 59
44 59
44 58
45 58
45 57
45 56
46 56
46 55
47 55
47 54
47 53
47 52
48 52
48 51
48 50
49 50
49 49
49 48
49 47
50 47
50 46
51 46
51 45
52 45
52 44
53 44
53 43
53 42
53 41
53 40
53 39
53 38
54 38
54 37
54 36
54 35
55 35
55 36
55 37
55 38
55 39
54 39
54 40
54 41
54 42
54 43
54 44
54 45
53 45
53 46
52 46
52 47
51 47
51 48
50 48
50 49
50 50
50 51
49 51
49 52
49 53
48 53
48 54
48 55
48 56
47 56
47 57
46 57
46 58
46 59
45 59
45 60
44 60
44 61
43 61
43 62
43 63
44 63
44 62
45 62
45 61
46 61
46 60
47 60
47 59
47 58
48 58
48 57
49 57
49 56
49 55
49 54
50 54
50 53
50 52
51 52
51 51
51 50
51 49
52 49
52 48
53 48
53 47
54 47
54 46
55 46
55 45
55 44
55 43
55 42
55 41
55 40
56 40
56 39
56 38
56 37
56 36
56 35
57 35
57 36
57 37
57 38
57 39
57 40
57 41
56 41
56 42
56 43
56 44
56 45
56 46
56 47
55 47
55 48
54 48
54 49
53 49
53 50
52 50
52 51
52 52
52 53
51 53
51 54
51 55
50 55
50 56
50 57
50 58
49 58
49 59
48 59
48 60
48 61
47 61
47 62
46 62
46 63
45 63
45 64
46 64
46 65
47 65
47 64
47 63
48 63
48 62
49 62
49 61
49 60
50 60
50 59
51 59
51 58
51 57
51 56
52 56
52 55
52 54
53 54
53 53
53 52
53 51
54 51
54 50
55 50
55 49
56 49
56 48
57 48
57 47
57 46
57 45
57 44
57 43
57 42
58 42
58 41
58 40
58 39
58 38
58 37
58 36
58 35
59 35
59 36
59 37
59 38
59 39
59 40
59 41
59 42
59 43
58 43
58 44
58 45
58 46
58 47
58 48
58 49
57 49
57 50
56 50
56 51
55 51
55 52
54 52
54 53
54 54
54 55
53 55
53 56
53 57
52 57
52 58
52 59
52 60
51 60
51 61
50 61
50 62
50 63
49 63
49 64
48 64
48 65
48 66
47 66
48 66
49 66
49 65
50 65
50 64
51 64
51 63
51 62
52 62
52 61
53 61
53 60
53 59
53 58
54 58
54 57
54 56
55 56
55 55
55 54
55 53
56 53
56 52
57 52
57 51
58 51
58 50
59 50
59 49
59 48
59 47
59 46
59 45
59 44
60 44
60 43
60 42
60 41
60 40
60 39
60 38
60 37
60 36
61 37
61 38
61 39
61 40
61 41
61 42
61 43
61 44
61 45
60 45
60 46
60 47
60 48
60 49
60 50
60 51
59 51
59 52
58 52
58 53
57 53
57 54
56 54
56 55
56 56
56 57
55 57
55 58
55 59
54 59
54 60
54 61
54 62
53 62
53 63
52 63
52 64
52 65
51 65
51 66
50 66
50 67
49 67
50 67
51 67
52 67
52 66
53 66
53 65
53 64
54 64
54 63
55 63
55 62
55 61
55 60
56 60
56 59
56 58
57 58
57 57
57 56
57 55
58 55
58 54
59 54
59 53
60 53
60 52
61 52
61 51
61 50
61 49
61 48
61 47
61 46
62 46
62 45
62 44
62 43
62 42
62 41
62 40
62 39
62 38
62 37
62 36
63 37
63 38
63 39
63 40
63 41
63 42
63 43
63 44
63 45
63 46
63 47
62 47
62 48
62 49
62 50
62 51
62 52
62 53
61 53
61 54
60 54
60 55
59 55
59 56
58 56
58 57
58 58
58 59
57 59
57 60
57 61
56 61
56 62
56 63
56 64
55 64
55 65
54 65
54 66
54 67
53 67
53 68
52 68
53 68
54 68
55 68
55 67
55 66
56 66
56 65
57 65
57 64
57 63
57 62
58 62
58 61
58 60
59 60
59 59
59 58
59 57
60 57
60 56
61 56
61 55
62 55
62 54
63 54
63 53
63 52
63 51
63 50
63 49
63 48
64 48
64 47
64 46
64 45
64 44
64 43
64 42
64 41
64 40
64 39
64 38
65 38
65 39
65 40
65 41
65 42
65 43
65 44
65 45
65 46
65 47
65 48
65 49
64 49
64 50
64 51
64 52
64 53
64 54
64 55
63 55
63 56
62 56
62 57
61 57
61 58
60 58
60 59
60 60
60 61
59 61
59 62
59 63
58 63
58 64
58 65
58 66
57 66
57 67
56 67
56 68
57 68
58 68
58 67
59 67
59 66
59 65
59 64
60 64
60 63
60 62
61 62
61 61
61 60
61 59
62 59
62 58
63 58
63 57
64 57
64 56
65 56
65 55
65 54
65 53
65 52
65 51
65 50
66 50
66 49
66 48
66 47
66 46
66 45
66 44
66 43
66 42
66 41
66 40
66 39
66 38
67 39
67 40
67 41
67 42
67 43
67 44
67 45
67 46
67 47
67 48
67 49
67 50
67 51
66 51
66 52
66 53
66 54
66 55
66 56
66 57
65 57
65 58
64 58
64 59
63 59
63 60
62 60
62 61
62 62
62 63
61 63
61 64
61 65
60 65
60 66
60 67
61 67
61 66
62 66
62 65
62 64
63 64
63 63
63 62
63 61
64 61
64 60
65 60
65 59
66 59
66 58
67 58
67 57
67 56
67 55
67 54
67 53
67 52
68 52
68 51
68 50
68 49
68 48
68 47
68 46
68 45
68 44
68 43
68 42
68 41
68 40
69 41
69 42
69 43
69 44
69 45
69 46
69 47
69 48
69 49
69 50
69 51
69 52
69 53
68 53
68 54
68 55
68 56
68 57
68 58
68 59
67 59
67 60
66 60
66 61
65 61
65 62
64 62
64 63
64 64
64 65
63 65
63 66
64 66
65 65
65 64
65 63
66 63
66 62
67 62
67 61
68 61
68 60
69 60
69 59
69 58
69 57
69 56
69 55
69 54
70 54
70 53
70 52
70 51
70 50
70 49
70 48
70 47
70 46
70 45
70 44
70 43
71 44
71 45
71 46
71 47
71 48
71 49
71 50
71 51
71 52
71 53
71 54
71 55
70 55
70 56
70 57
70 58
70 59
70 60
69 61
68 62
68 63
67 63
66 64
65 65
64 66
63 67
62 67
61 68
60 68
59 68
60 67
61 66
62 65
63 64
64 63
65 62
66 61
67 60
68 59
69 58
70 58
71 58
71 57
71 56
72 56
72 55
72 54
72 53
72 52
72 51
72 50
72 49
72 48
72 47
