0 0
1 1
2 2
3 3
4 4
5 5
6 6
7 7
8 8
9 9
10 10
11 11
12 12
13 13
14 14
15 15
16 16
17 17
18 18
19 19
20 20
21 21
22 22
23 23
24 24
25 25
26 26
27 27
28 28
29 29
30 30
31 31
32 32
33 33
34 34
35 35
36 36
37 37
38 38
39 39
40 40
41 41
41 42
41 43
41 44
41 45
40 45
40 46
39 46
39 47
38 47
38 48
37 48
37 49
37 50
36 50
36 51
35 51
35 52
35 53
34 53
33 53
33 54
33 55
34 55
34 54
35 54
35 55
35 56
34 56
34 57
34 58
34 59
34 60
34 61
33 61
34 61
35 61
35 60
35 59
35 58
35 57
36 57
36 56
36 55
36 54
36 53
36 52
37 52
37 51
38 51
38 50
38 49
39 49
39 48
40 48
40 47
41 47
41 46
42 46
42 45
42 44
43 44
43 43
44 43
44 44
44 45
43 45
43 46
43 47
42 47
42 48
41 48
41 49
40 49
40 50
39 50
39 51
39 52
38 52
38 53
37 53
37 54
37 55
37 56
37 57
37 58
36 58
36 59
36 60
36 61
36 62
35 62
35 63
35 64
36 64
36 63
37 63
37 62
37 61
37 60
37 59
38 59
38 58
38 57
38 56
38 55
38 54
39 54
39 53
40 53
40 52
40 51
41 51
41 50
42 50
42 49
43 49
43 48
44 48
44 47
44 46
45 46
45 45
45 44
45 43
46 43
46 42
47 42
47 43
47 44
46 44
46 45
46 46
46 47
45 47
45 48
45 49
44 49
44 50
43 50
43 51
42 51
42 52
41 52
41 53
41 54
40 54
40 55
39 55
39 56
39 57
39 58
39 59
39 60
38 60
38 61
38 62
38 63
38 64
37 64
37 65
36 65
36 66
35 66
34 65
35 66
36 66
37 66
37 67
38 67
38 66
38 65
39 65
39 64
39 63
39 62
39 61
40 61
40 60
40 59
40 58
40 57
40 56
41 56
41 55
42 55
42 54
42 53
43 53
43 52
44 52
44 51
45 51
45 50
46 50
46 49
46 48
47 48
47 47
47 46
47 45
48 45
48 44
48 43
48 42
49 42
49 43
49 44
49 45
49 46
48 46
48 47
48 48
48 49
47 49
47 50
47 51
46 51
46 52
45 52
45 53
44 53
44 54
43 54
43 55
43 56
42 56
42 57
41 57
41 58
41 59
41 60
41 61
41 62
40 62
40 63
40 64
40 65
40 66
39 66
39 67
39 68
38 68
37 69
36 68
37 69
38 70
39 69
40 69
40 68
40 67
41 67
41 66
41 65
41 64
41 63
42 63
42 62
42 61
42 60
42 59
42 58
43 58
43 57
44 57
44 56
44 55
45 55
45 54
46 54
46 53
47 53
47 52
48 52
48 51
48 50
49 50
49 49
49 48
49 47
50 47
50 46
50 45
50 44
50 43
50 42
51 42
51 43
51 44
51 45
51 46
51 47
51 48
50 48
50 49
50 50
50 51
49 51
49 52
49 53
48 53
48 54
47 54
47 55
46 55
46 56
45 56
45 57
45 58
44 58
44 59
43 59
43 60
43 61
43 62
43 63
43 64
42 64
42 65
42 66
42 67
42 68
41 68
41 69
41 70
40 70
39 71
40 71
41 71
42 71
42 70
42 69
43 69
43 68
43 67
43 66
43 65
44 65
44 64
44 63
44 62
44 61
44 60
45 60
45 59
46 59
46 58
46 57
47 57
47 56
48 56
48 55
49 55
49 54
50 54
50 53
50 52
51 52
51 51
51 50
51 49
52 49
52 48
52 47
52 46
52 45
52 44
52 43
52 42
52 41
53 42
53 43
53 44
53 45
53 46
53 47
53 48
53 49
53 50
52 50
52 51
52 52
52 53
51 53
51 54
51 55
50 55
50 56
49 56
49 57
48 57
48 58
47 58
47 59
47 60
46 60
46 61
45 61
45 62
45 63
45 64
45 65
45 66
44 66
44 67
44 68
44 69
44 70
43 70
43 71
43 72
42 72
42 73
43 72
44 72
44 71
45 71
45 70
45 69
45 68
45 67
46 67
46 66
46 65
46 64
46 63
46 62
47 62
47 61
48 61
48 60
48 59
49 59
49 58
50 58
50 57
51 57
51 56
52 56
52 55
52 54
53 54
53 53
53 52
53 51
54 51
54 50
54 49
54 48
54 47
54 46
54 45
54 44
54 43
55 43
55 44
55 45
55 46
55 47
55 48
55 49
55 50
55 51
55 52
54 52
54 53
54 54
54 55
53 55
53 56
53 57
52 57
52 58
51 58
51 59
50 59
50 60
49 60
49 61
49 62
48 62
48 63
47 63
47 64
47 65
47 66
47 67
47 68
46 68
46 69
46 70
46 71
46 72
45 72
45 73
45 74
46 73
47 73
47 72
47 71
47 70
47 69
48 69
48 68
48 67
48 66
48 65
48 64
49 64
49 63
50 63
50 62
50 61
51 61
51 60
52 60
52 59
53 59
53 58
54 58
54 57
54 56
55 56
55 55
55 54
55 53
56 53
56 52
56 51
56 50
56 49
56 48
56 47
56 46
56 45
56 44
56 43
57 44
57 45
57 46
57 47
57 48
57 49
57 50
57 51
57 52
57 53
57 54
56 54
56 55
56 56
56 57
55 57
55 58
55 59
54 59
54 60
53 60
53 61
52 61
52 62
51 62
51 63
51 64
50 64
50 65
49 65
49 66
49 67
49 68
49 69
49 70
48 70
48 71
48 72
48 73
49 73
49 72
49 71
50 71
50 70
50 69
50 68
50 67
50 66
51 66
51 65
52 65
52 64
52 63
53 63
53 62
54 62
54 61
55 61
55 60
56 60
56 59
56 58
57 58
57 57
57 56
57 55
58 55
58 54
58 53
58 52
58 51
58 50
58 49
58 48
58 47
58 46
58 45
59 45
59 46
59 47
59 48
59 49
59 50
59 51
59 52
59 53
59 54
59 55
59 56
58 56
58 57
58 58
58 59
57 59
57 60
57 61
56 61
56 62
55 62
55 63
54 63
54 64
53 64
53 65
53 66
52 66
52 67
51 67
51 68
51 69
51 70
51 71
51 72
50 72
50 73
50 74
50 75
49 75
48 75
47 75
48 75
49 75
50 75
51 75
51 74
51 73
52 73
52 72
52 71
52 70
52 69
52 68
53 68
53 67
54 67
54 66
54 65
55 65
55 64
56 64
56 63
57 63
57 62
58 62
58 61
58 60
59 60
59 59
59 58
59 57
60 57
60 56
60 55
60 54
60 53
60 52
60 51
60 50
60 49
60 48
60 47
60 46
61 45
61 46
61 47
61 48
61 49
61 50
61 51
61 52
61 53
61 54
61 55
61 56
61 57
61 58
60 58
60 59
60 60
60 61
59 61
59 62
59 63
58 63
58 64
57 64
57 65
56 65
56 66
55 66
55 67
55 68
54 68
54 69
53 69
53 70
53 71
53 72
53 73
54 73
54 72
54 71
54 70
55 70
55 69
56 69
56 68
56 67
57 67
57 66
58 66
58 65
59 65
59 64
60 64
60 63
60 62
61 62
61 61
61 60
61 59
62 59
62 58
62 57
62 56
62 55
62 54
62 53
62 52
62 51
62 50
62 49
62 48
63 48
63 47
63 48
63 49
63 50
63 51
63 52
63 53
63 54
63 55
63 56
63 57
63 58
63 59
63 60
62 60
62 61
62 62
62 63
61 63
61 64
61 65
60 65
60 66
59 66
59 67
58 67
58 68
57 68
57 69
57 70
56 70
56 71
55 71
55 72
56 72
57 72
57 71
58 71
58 70
58 69
59 69
59 68
60 68
60 67
61 67
61 66
62 66
62 65
62 64
63 64
63 63
63 62
63 61
64 61
64 60
64 59
64 58
64 57
64 56
64 55
64 54
64 53
64 52
64 51
65 51
65 52
65 53
65 54
65 55
65 56
65 57
65 58
65 59
65 60
65 61
66 61
65 62
64 62
64 63
64 64
65 64
65 65
64 66
63 66
63 65
63 66
63 67
62 67
61 68
60 69
59 70
60 71
61 70
62 69
61 70
60 71
59 72
58 73
57 74
56 74
55 74
54 74
53 75
52 75
53 74
54 73
55 72
56 71
57 70
58 69
59 68
60 67
61 66
62 65
63 64
64 63
65 62
66 61
66 60
66 59
66 58
66 57
66 56
66 55
66 54
65 53
64 52
63 51
62 50
61 49
60 48
59 47
58 46
58 45
58 44
58 43
57 44
56 45
55 46
54 46
53 46
52 46
51 46
50 46
49 46
48 46
47 46
46 46
45 46
44 46
43 46
42 46
41 46
40 46
39 46
38 46
37 46
36 47
35 48
35 49
34 50
33 51
32 52
32 53
32 54
32 55
32 56
32 57
32 58
32 59
33 60
34 61
35 62
36 63
37 64
38 65
39 66
40 67
41 68
42 69
43 70
44 71
45 72
46 73
47 74
48 75
49 76
50 77
51 78
52 79
53 80
54 80
55 80
56 80
57 80
58 80
59 80
60 80
61 80
62 80
63 80
64 80
65 80
66 80
67 80
68 80
69 80
70 80
71 80
72 80
73 80
74 80
75 80
76 80
77 80
78 80
79 80
