0 0
1 1
2 2
3 3
4 4
5 5
6 6
7 7
8 8
9 9
10 10
11 11
12 12
13 13
14 14
15 15
16 16
17 17
18 18
19 19
20 20
21 21
22 22
23 23
24 24
25 25
26 26
27 27
28 28
29 29
30 30
31 31
32 32
33 33
34 34
35 35
36 36
37 37
37 38
38 39
39 40
40 41
40 42
41 43
41 44
41 45
40 45
40 46
40 47
40 48
39 48
39 49
39 50
40 50
40 49
41 49
41 48
41 47
41 46
42 46
42 45
42 44
42 43
42 42
43 42
43 41
44 41
44 40
45 40
45 39
46 39
46 38
47 38
47 37
48 37
48 38
48 39
47 39
47 40
46 40
46 41
45 41
45 42
44 42
44 43
43 43
43 44
43 45
43 46
43 47
42 47
42 48
42 49
42 50
41 50
41 51
40 51
40 52
40 53
39 53
39 54
39 55
40 55
40 54
41 54
41 53
41 52
42 52
42 51
43 51
43 50
43 49
43 48
44 48
44 47
44 46
44 45
44 44
45 44
45 43
46 43
46 42
47 42
47 41
48 41
48 40
49 40
49 39
49 38
49 37
49 36
50 37
50 38
50 39
50 40
50 41
49 41
49 42
48 42
48 43
47 43
47 44
46 44
46 45
45 45
45 46
45 47
45 48
45 49
44 49
44 50
44 51
44 52
43 52
43 53
42 53
42 54
42 55
41 55
41 56
40 56
40 57
40 58
41 58
41 57
42 57
42 56
43 56
43 55
43 54
44 54
44 53
45 53
45 52
45 51
45 50
46 50
46 49
46 48
46 47
46 46
47 46
47 45
48 45
48 44
49 44
49 43
50 43
50 42
51 42
51 41
51 40
51 39
51 38
51 37
51 36
52 36
52 35
53 35
53 36
53 37
52 37
52 38
52 39
52 40
52 41
52 42
52 43
51 43
51 44
50 44
50 45
49 45
49 46
48 46
48 47
47 47
47 48
47 49
47 50
47 51
46 51
46 52
46 53
46 54
45 54
45 55
44 55
44 56
44 57
43 57
43 58
42 58
42 59
41 59
41 60
42 60
43 60
43 59
44 59
44 58
45 58
45 57
45 56
46 56
46 55
47 55
47 54
47 53
47 52
48 52
48 51
48 50
48 49
48 48
49 48
49 47
50 47
50 46
51 46
51 45
52 45
52 44
53 44
53 43
53 42
53 41
53 40
53 39
53 38
54 38
54 37
54 36
54 35
55 35
55 36
55 37
55 38
55 39
54 39
54 40
54 41
54 42
54 43
54 44
54 45
53 45
53 46
52 46
52 47
51 47
51 48
50 48
50 49
49 49
49 50
49 51
49 52
49 53
48 53
48 54
48 55
48 56
47 56
47 57
46 57
46 58
46 59
45 59
45 60
44 60
44 61
43 61
43 62
43 63
44 63
44 62
45 62
45 61
46 61
46 60
47 60
47 59
47 58
48 58
48 57
49 57
49 56
49 55
49 54
50 54
50 53
50 52
50 51
50 50
51 50
51 49
52 49
52 48
53 48
53 47
54 47
54 46
55 46
55 45
55 44
55 43
55 42
55 41
55 40
56 40
56 39
56 38
56 37
56 36
56 35
57 35
57 36
57 37
57 38
57 39
57 40
57 41
56 41
56 42
56 43
56 44
56 45
56 46
56 47
55 47
55 48
54 48
54 49
53 49
53 50
52 50
52 51
51 51
51 52
51 53
51 54
51 55
50 55
50 56
50 57
50 58
49 58
49 59
48 59
48 60
48 61
47 61
47 62
46 62
46 63
45 63
45 64
46 64
46 65
47 65
47 64
47 63
48 63
48 62
49 62
49 61
49 60
50 60
50 59
51 59
51 58
51 57
51 56
52 56
52 55
52 54
52 53
52 52
53 52
53 51
54 51
54 50
55 50
55 49
56 49
56 48
57 48
57 47
57 46
57 45
57 44
57 43
57 42
58 42
58 41
58 40
58 39
58 38
58 37
58 36
58 35
59 35
59 36
59 37
59 38
59 39
59 40
59 41
59 42
59 43
58 43
58 44
58 45
58 46
58 47
58 48
58 49
57 49
57 50
56 50
56 51
55 51
55 52
54 52
54 53
53 53
53 54
53 55
53 56
53 57
52 57
52 58
52 59
52 60
51 60
51 61
50 61
50 62
50 63
49 63
49 64
48 64
48 65
48 66
47 66
46 67
47 68
48 69
49 69
50 69
50 70
51 70
52 70
53 70
54 70
55 70
56 70
57 70
58 70
59 70
60 70
61 69
62 69
63 69
64 68
65 68
66 67
66 68
65 69
64 69
63 70
62 70
61 70
60 71
59 71
58 71
57 71
56 71
55 71
54 71
53 71
52 71
51 71
50 71
49 70
48 70
47 69
46 68
46 69
47 70
48 71
49 71
49 72
48 72
47 71
46 70
45 69
45 68
45 67
44 67
44 66
43 66
43 65
42 65
42 64
41 65
42 66
43 67
44 68
44 69
45 70
46 71
45 72
46 73
47 73
48 74
49 74
50 74
51 75
52 75
53 75
54 75
55 75
56 75
57 75
58 75
59 75
60 75
61 74
62 74
63 74
64 73
63 72
62 71
61 71
60 72
59 72
58 72
57 72
56 72
55 72
54 72
53 72
52 72
51 72
50 72
51 71
52 70
52 69
52 68
52 67
51 67
50 67
49 67
49 66
49 65
50 65
50 64
51 64
51 63
51 62
52 62
52 61
53 61
53 60
53 59
53 58
54 58
54 57
54 56
54 55
54 54
55 54
55 53
56 53
56 52
57 52
57 51
58 51
58 50
59 50
59 49
59 48
59 47
59 46
59 45
59 44
60 44
60 43
60 42
60 41
60 40
60 39
60 38
60 37
60 36
61 37
61 38
61 39
61 40
61 41
61 42
61 43
61 44
61 45
60 45
60 46
60 47
60 48
60 49
60 50
60 51
59 51
59 52
58 52
58 53
57 53
57 54
56 54
56 55
55 55
55 56
55 57
55 58
55 59
54 59
54 60
54 61
54 62
53 62
53 63
52 63
52 64
52 65
51 65
51 66
50 66
51 66
52 66
53 66
53 65
53 64
54 64
54 63
55 63
55 62
55 61
55 60
56 60
56 59
56 58
56 57
56 56
57 56
57 55
58 55
58 54
59 54
59 53
60 53
60 52
61 52
61 51
61 50
61 49
61 48
61 47
61 46
62 46
62 45
62 44
62 43
62 42
62 41
62 40
62 39
62 38
62 37
62 36
63 37
63 38
63 39
63 40
63 41
63 42
63 43
63 44
63 45
63 46
63 47
62 47
62 48
62 49
62 50
62 51
62 52
62 53
61 53
61 54
60 54
60 55
59 55
59 56
58 56
58 57
57 57
57 58
57 59
57 60
57 61
56 61
56 62
56 63
56 64
55 64
55 65
54 65
54 66
54 67
53 67
53 68
54 68
55 68
55 67
55 66
56 66
56 65
57 65
57 64
57 63
57 62
58 62
58 61
58 60
58 59
58 58
59 58
59 57
60 57
60 56
61 56
61 55
62 55
62 54
63 54
63 53
63 52
63 51
63 50
63 49
63 48
64 48
64 47
64 46
64 45
64 44
64 43
64 42
64 41
64 40
64 39
64 38
65 38
65 39
65 40
65 41
65 42
65 43
65 44
65 45
65 46
65 47
65 48
65 49
64 49
64 50
64 51
64 52
64 53
64 54
64 55
63 55
63 56
62 56
62 57
61 57
61 58
60 58
60 59
59 59
59 60
59 61
59 62
59 63
58 63
58 64
58 65
58 66
57 66
57 67
56 67
56 68
57 68
58 68
58 67
59 67
59 66
59 65
59 64
60 64
60 63
60 62
60 61
60 60
61 60
61 59
62 59
62 58
63 58
63 57
64 57
64 56
65 56
65 55
65 54
65 53
65 52
65 51
65 50
66 50
66 49
66 48
66 47
66 46
66 45
66 44
66 43
66 42
66 41
66 40
66 39
66 38
67 39
67 40
67 41
67 42
67 43
67 44
67 45
67 46
67 47
67 48
67 49
67 50
67 51
66 51
66 52
66 53
66 54
66 55
66 56
66 57
65 57
65 58
64 58
64 59
63 59
63 60
62 60
62 61
61 61
61 62
61 63
61 64
61 65
60 65
60 66
60 67
61 67
61 66
62 66
62 65
62 64
62 63
62 62
63 62
63 61
64 61
64 60
65 60
65 59
66 59
66 58
67 58
67 57
67 56
67 55
67 54
67 53
67 52
68 52
68 51
68 50
68 49
68 48
68 47
68 46
68 45
68 44
68 43
68 42
68 41
68 40
69 39
70 40
71 41
71 42
70 43
69 43
69 42
69 43
69 44
69 45
69 46
69 47
69 48
69 49
69 50
69 51
69 52
69 53
68 53
68 54
68 55
68 56
68 57
68 58
68 59
67 59
67 60
66 60
66 61
65 61
65 62
64 62
64 63
63 63
63 64
63 65
63 66
64 66
64 65
64 64
65 64
65 63
66 63
66 62
67 62
67 61
68 61
68 60
69 60
69 59
69 58
69 57
69 56
69 55
69 54
70 54
70 53
70 52
70 51
70 50
70 49
70 48
70 47
70 46
70 45
70 44
71 45
71 46
71 47
71 48
71 49
71 50
71 51
71 52
71 53
71 54
71 55
70 55
70 56
70 57
70 58
70 59
70 60
69 61
68 62
68 63
67 63
66 64
65 65
64 66
63 67
62 67
61 68
60 68
59 68
60 67
61 66
62 65
63 64
64 63
65 62
66 61
67 60
68 59
69 58
70 58
71 58
71 57
71 56
72 56
72 55
72 54
72 53
72 52
72 51
72 50
72 49
72 48
72 47
73 47
74 47
74 46
74 45
73 45
73 44
73 43
72 43
72 42
72 41
72 40
71 40
71 39
70 39
70 38
69 38
68 38
68 37
67 37
67 36
66 36
65 36
65 35
64 35
64 34
63 34
62 34
61 34
61 33
60 33
59 33
58 33
57 33
56 33
55 33
54 33
53 33
52 33
51 33
50 33
49 33
48 33
47 33
46 33
46 34
45 34
44 34
43 34
43 35
43 36
42 36
41 36
41 37
40 37
40 38
39 38
39 39
40 39
40 40
41 40
41 39
41 38
42 38
42 37
43 37
43 38
42 39
41 40
41 41
40 41
39 41
38 41
37 41
37 42
36 42
36 43
36 44
36 45
36 46
36 47
35 47
35 48
34 48
34 49
35 49
35 50
35 51
35 52
34 52
34 53
35 53
35 54
35 55
35 56
36 56
36 55
36 54
36 53
36 52
36 51
36 50
36 49
36 48
37 48
37 47
37 46
37 45
37 44
37 43
38 43
38 42
39 42
39 43
39 44
38 44
38 45
38 46
38 47
37 48
37 49
37 50
37 51
37 52
37 53
37 54
37 55
37 56
37 57
36 57
36 58
36 59
36 60
37 60
37 59
37 58
38 58
38 57
38 56
38 57
38 58
38 59
38 60
38 61
37 61
37 62
37 63
38 63
38 62
39 62
39 61
39 60
39 59
40 60
40 61
40 62
40 63
39 63
39 64
38 64
39 65
40 65
40 64
41 64
41 63
41 64
41 65
41 66
40 66
41 67
42 67
42 68
43 68
44 69
45 70
46 71
47 72
48 73
47 74
48 75
49 75
50 75
51 76
52 76
53 76
54 76
55 76
56 76
57 76
58 76
59 76
60 76
61 75
61 76
62 75
63 75
64 74
65 73
66 72
65 71
64 71
63 71
62 72
61 72
60 73
59 73
58 73
57 73
56 73
55 73
54 73
53 73
52 73
53 72
54 71
55 70
56 70
57 70
58 70
59 70
60 70
61 70
62 70
63 70
64 70
65 70
66 70
66 69
67 69
67 68
67 67
67 66
68 66
68 65
69 65
69 64
70 64
70 63
71 63
71 62
72 62
72 61
72 60
73 60
73 59
73 58
74 58
74 57
74 56
74 55
74 54
74 53
74 52
74 51
74 50
74 49
74 48
75 48
75 47
75 46
75 45
75 44
74 44
74 43
74 42
73 42
73 41
73 40
73 39
72 39
72 38
71 38
71 37
70 37
69 37
69 36
68 36
68 35
67 35
66 35
66 34
65 34
65 33
64 33
63 33
62 33
62 32
61 32
60 32
59 32
58 32
57 32
56 32
55 32
54 32
53 32
52 32
51 32
50 32
49 32
48 32
47 32
46 31
45 32
45 31
46 30
47 31
47 30
48 29
49 29
50 29
51 29
52 29
53 29
53 28
52 28
51 28
50 28
49 28
48 28
47 29
47 28
46 29
46 28
47 27
48 27
49 27
50 27
51 27
52 27
53 27
54 28
55 28
56 28
57 28
58 29
59 29
60 29
61 29
62 29
63 29
62 28
61 28
60 28
59 28
58 28
58 27
57 27
56 27
55 27
54 27
54 26
53 26
52 26
51 26
50 26
49 26
48 26
47 26
46 27
45 28
45 29
45 30
44 31
43 32
42 33
41 34
41 33
42 32
43 31
42 31
41 32
40 33
40 34
39 35
39 34
39 33
40 32
41 31
42 30
43 30
44 30
44 29
43 29
42 29
41 30
40 31
39 32
38 33
38 34
38 35
38 36
38 37
37 36
36 37
36 38
36 39
36 40
35 40
35 39
35 38
34 39
34 40
35 41
34 41
34 42
34 43
33 42
33 41
33 40
33 39
34 38
35 37
34 37
35 36
36 35
37 35
37 34
36 34
35 34
34 35
34 36
33 37
33 38
32 39
32 40
32 41
32 42
33 43
34 44
33 44
32 43
32 44
33 45
32 45
33 46
32 46
31 45
31 44
31 43
31 42
31 41
31 40
31 39
32 38
32 37
33 36
33 35
32 36
31 37
31 38
30 39
30 40
30 41
30 42
30 43
30 44
30 45
31 46
32 47
33 47
33 48
32 48
31 47
30 46
29 45
29 44
29 43
29 42
29 41
29 40
29 39
30 38
30 37
31 36
32 35
33 34
34 33
35 33
36 33
37 33
38 32
39 31
40 30
41 29
40 29
39 30
38 31
37 32
37 31
38 30
39 29
40 28
41 28
42 28
43 28
44 28
45 27
46 26
47 25
48 25
49 25
50 25
51 25
52 25
53 25
54 25
55 26
56 26
57 26
58 26
59 27
60 27
61 27
62 27
63 28
64 29
64 30
64 31
64 32
63 32
64 32
65 32
66 33
67 34
68 34
69 35
70 36
71 36
72 35
73 36
74 37
75 38
75 39
74 40
74 41
75 41
75 42
75 43
76 44
76 45
76 46
76 47
76 48
76 49
75 49
75 50
75 51
75 52
75 53
75 54
75 55
75 56
75 57
75 58
75 59
74 59
74 60
74 61
73 61
73 62
73 63
72 63
72 64
71 64
71 65
70 65
70 66
69 66
69 67
68 67
68 68
68 69
69 68
70 67
71 66
72 65
73 64
74 63
74 62
75 61
75 60
76 59
76 58
76 57
76 56
76 55
76 54
76 53
76 52
76 51
76 50
77 50
77 49
77 48
77 49
77 50
77 51
77 52
77 53
77 54
77 55
76 54
75 53
74 52
73 51
72 50
71 49
70 48
69 47
68 46
67 45
66 44
65 43
64 42
63 41
62 40
61 39
61 38
61 37
61 36
61 35
61 34
61 33
61 32
61 31
60 31
59 31
58 31
57 31
56 31
55 31
54 31
53 31
52 31
51 31
50 31
50 32
50 33
50 34
49 34
48 34
47 34
47 35
46 35
45 35
44 35
44 36
44 37
45 36
46 35
47 34
48 34
49 34
50 34
51 34
50 35
49 36
48 37
47 38
46 39
45 40
44 40
43 40
42 40
41 40
40 40
39 40
38 40
39 39
40 38
41 37
42 36
43 35
44 34
45 33
46 32
47 31
48 30
49 29
50 28
51 27
52 26
53 25
54 24
55 23
56 22
57 21
58 20
59 19
60 18
61 17
62 16
63 15
64 15
65 15
66 15
67 15
68 15
69 15
70 15
71 15
72 15
73 15
74 15
75 15
76 15
77 15
78 15
79 15
80 15
81 15
82 15
83 15
84 15
85 15
86 15
87 15
87 14
87 13
86 14
86 13
86 12
85 13
85 14
84 14
84 13
85 12
84 12
83 13
83 14
82 14
82 13
83 12
82 12
81 13
81 14
80 14
80 13
81 12
80 12
79 13
79 14
78 14
78 13
79 12
78 12
77 13
77 14
76 14
76 13
77 12
76 12
75 13
75 14
74 14
74 13
75 12
74 12
73 13
73 14
72 14
72 13
73 12
72 12
71 13
71 14
70 14
70 13
71 12
70 12
69 13
69 14
68 14
68 13
69 12
68 12
67 13
67 14
66 14
66 13
67 12
66 12
65 13
65 14
64 14
64 13
65 12
64 12
63 13
63 14
62 15
63 16
64 16
65 16
66 16
67 16
68 16
69 16
70 16
71 16
72 16
73 16
74 16
75 16
76 16
77 16
78 16
79 16
80 16
81 16
82 16
83 16
84 16
85 16
86 16
87 16
87 17
87 18
86 17
86 18
87 19
86 19
85 18
85 17
84 17
84 18
85 19
86 20
87 20
87 21
86 21
85 20
84 19
83 18
83 17
82 17
82 18
83 19
84 20
85 21
86 22
87 22
87 23
86 23
85 22
84 21
83 20
82 19
82 20
83 21
84 22
85 23
86 24
87 24
87 25
86 25
85 24
84 23
83 22
82 21
81 20
81 19
81 18
81 17
80 17
80 18
80 19
80 20
81 21
82 22
83 23
84 24
85 25
84 25
83 24
82 23
81 22
80 21
79 20
79 19
79 18
79 17
78 17
78 18
78 19
78 20
79 21
80 22
81 23
82 24
83 25
84 26
85 26
86 26
87 26
87 27
86 27
85 27
84 27
83 26
82 25
81 24
80 23
79 22
78 21
78 22
79 23
80 24
81 25
82 26
83 27
84 28
85 28
86 28
87 28
87 29
86 29
85 29
84 29
83 28
82 27
81 26
80 25
79 24
78 23
77 22
77 21
77 20
77 19
77 18
77 17
76 17
76 18
76 19
76 20
76 21
76 22
77 23
78 24
79 25
80 26
81 27
82 28
83 29
82 29
81 28
80 27
79 26
78 25
77 24
76 23
75 22
75 21
75 20
75 19
75 18
75 17
74 17
74 18
74 19
74 20
74 21
74 22
75 23
76 24
77 25
78 26
79 27
80 28
81 29
82 30
83 30
84 30
85 30
86 30
87 30
87 31
86 31
85 31
84 31
83 31
82 31
81 30
80 29
79 28
78 27
77 26
76 25
75 24
74 23
74 24
75 25
76 26
77 27
78 28
79 29
80 30
81 31
82 32
83 32
84 32
85 32
86 32
87 32
87 33
86 33
85 33
84 33
83 33
82 33
81 32
80 31
79 30
78 29
77 28
76 27
75 26
74 25
73 24
73 23
73 22
73 21
73 20
73 19
73 18
73 17
72 17
72 18
72 19
72 20
72 21
72 22
72 23
72 24
73 25
74 26
75 27
76 28
77 29
78 30
79 31
80 32
81 33
80 33
79 32
78 31
77 30
76 29
75 28
74 27
73 26
72 25
71 24
71 23
71 22
71 21
71 20
71 19
71 18
71 17
70 17
70 18
70 19
70 20
70 21
70 22
70 23
70 24
71 25
72 26
73 27
74 28
75 29
76 30
77 31
78 32
79 33
80 34
81 34
82 34
83 34
84 34
85 34
86 34
87 34
87 35
86 35
85 35
84 35
83 35
82 35
81 35
80 35
79 34
78 33
77 32
76 31
75 30
74 29
73 28
72 27
71 26
70 25
70 26
71 27
72 28
73 29
74 30
75 31
76 32
77 33
78 34
79 35
80 36
81 36
82 36
83 36
84 36
85 36
86 36
87 36
87 37
86 37
85 37
84 37
83 37
82 37
81 37
80 37
79 36
78 35
77 34
76 33
75 32
74 31
73 30
72 29
71 28
70 27
69 26
69 25
69 24
69 23
69 22
69 21
69 20
69 19
69 18
69 17
68 17
68 18
68 19
68 20
68 21
68 22
68 23
68 24
68 25
68 26
69 27
70 28
71 29
72 30
73 31
74 32
75 33
76 34
77 35
78 36
79 37
78 37
77 36
76 35
75 34
74 33
73 32
72 31
71 30
70 29
69 28
68 27
67 26
67 25
67 24
67 23
67 22
67 21
67 20
67 19
67 18
67 17
66 17
66 18
66 19
66 20
66 21
66 22
66 23
66 24
66 25
66 26
67 27
68 28
69 29
70 30
71 31
72 32
73 33
74 34
75 35
76 36
77 37
78 38
79 38
80 38
81 38
82 38
83 38
84 38
85 38
86 38
87 38
87 39
86 39
85 39
84 39
83 39
82 39
81 39
80 39
79 39
78 39
77 38
76 37
75 36
74 35
73 34
72 33
71 32
70 31
69 30
68 29
67 28
66 27
66 28
67 29
68 30
69 31
70 32
71 33
72 34
73 35
74 36
75 37
76 38
77 39
78 40
79 40
80 40
81 40
82 40
83 40
84 40
85 40
86 40
87 40
87 41
86 41
85 41
84 41
83 41
82 41
81 41
80 41
79 41
78 41
77 40
76 39
76 40
77 41
76 41
77 42
78 42
79 42
80 42
81 42
82 42
83 42
84 42
85 42
86 42
87 42
87 43
86 43
85 43
84 43
83 43
82 43
81 43
80 43
79 43
78 43
77 43
78 44
79 44
80 44
81 44
82 44
83 44
84 44
85 44
86 44
87 44
87 45
86 45
85 45
84 45
83 45
82 45
81 45
80 45
79 45
78 45
79 46
80 46
81 46
82 46
83 46
84 46
85 46
86 46
87 46
87 47
86 47
85 47
84 47
83 47
82 47
81 47
80 47
79 47
80 48
81 48
82 48
83 48
84 48
85 48
86 48
87 48
87 49
86 49
85 49
84 49
83 49
82 49
81 49
80 49
79 48
79 49
80 50
81 50
82 50
83 50
84 50
85 50
86 50
87 50
87 51
86 51
85 51
84 51
83 51
82 51
81 51
80 51
79 50
79 51
80 52
81 52
82 52
83 52
84 52
85 52
86 52
87 52
87 53
86 53
85 53
84 53
83 53
82 53
81 53
80 53
79 52
79 53
80 54
81 54
82 54
83 54
84 54
85 54
86 54
87 54
87 55
86 55
85 55
84 55
83 55
82 55
81 55
80 55
79 54
79 55
80 56
81 56
82 56
83 56
84 56
85 56
86 56
87 56
87 57
86 57
85 57
84 57
83 57
82 57
81 57
80 57
79 56
79 57
78 57
79 58
80 58
81 58
82 58
83 58
84 58
85 58
86 58
87 58
87 59
86 59
85 59
84 59
83 59
82 59
81 59
80 59
79 59
78 58
78 59
79 60
80 60
81 60
82 60
83 60
84 60
85 60
86 60
87 60
87 61
86 61
85 61
84 61
83 61
82 61
81 61
80 61
79 61
78 60
77 60
78 61
77 61
78 62
79 62
80 62
81 62
82 62
83 62
84 62
85 62
86 62
87 62
87 63
86 63
85 63
84 63
83 63
82 63
81 63
80 63
79 63
78 63
77 62
76 62
77 63
76 63
77 64
78 64
79 64
80 64
81 64
82 64
83 64
84 64
85 64
86 64
87 64
87 65
86 65
85 65
84 65
83 65
82 65
81 65
80 65
79 65
78 65
77 65
76 64
75 64
76 65
75 65
76 66
77 66
78 66
79 66
80 66
81 66
82 66
83 66
84 66
85 66
86 66
87 66
87 67
86 67
85 67
84 67
83 67
82 67
81 67
80 67
79 67
78 67
77 67
76 67
75 66
74 66
75 67
74 67
73 67
74 68
75 68
76 68
77 68
78 68
79 68
80 68
81 68
82 68
83 68
84 68
85 68
86 68
87 68
87 69
86 69
85 69
84 69
83 69
82 69
81 69
80 69
79 69
78 69
77 69
76 69
75 69
74 69
73 68
72 68
73 69
72 69
71 69
70 69
71 70
72 70
73 70
74 70
75 70
76 70
77 70
78 70
79 70
80 70
81 70
82 70
83 70
84 70
85 70
86 70
87 70
87 71
86 71
85 71
84 71
83 71
82 71
81 71
80 71
79 71
78 71
77 71
76 71
75 71
74 71
73 71
72 71
71 71
70 70
69 70
70 71
69 71
68 71
69 72
70 72
71 72
72 72
73 72
74 72
75 72
76 72
77 72
78 72
79 72
80 72
81 72
82 72
83 72
84 72
85 72
86 72
87 72
87 73
86 73
85 73
84 73
83 73
82 73
81 73
80 73
79 73
78 73
77 73
76 73
75 73
74 73
73 73
72 73
71 73
70 73
69 73
68 72
67 72
68 73
67 73
66 73
67 74
68 74
69 74
70 74
71 74
72 74
73 74
74 74
75 74
76 74
77 74
78 74
79 74
80 74
81 74
82 74
83 74
84 74
85 74
86 74
87 74
87 75
86 75
85 75
84 75
83 75
82 75
81 75
80 75
79 75
78 75
77 75
76 75
75 75
74 75
73 75
72 75
71 75
70 75
69 75
68 75
67 75
66 74
65 74
66 75
65 75
64 75
65 76
66 76
67 76
68 76
69 76
70 76
71 76
72 76
73 76
74 76
75 76
76 76
77 76
78 76
79 76
80 76
81 76
82 76
83 76
84 76
85 76
86 76
87 76
87 77
86 77
85 77
84 77
83 77
82 77
81 77
80 77
79 77
78 77
77 77
76 77
75 77
74 77
73 77
72 77
71 77
70 77
69 77
68 77
67 77
66 77
65 77
64 76
63 76
62 76
63 77
64 77
65 78
66 78
67 78
68 78
69 78
70 78
71 78
72 78
73 78
74 78
75 78
76 78
77 78
78 78
79 78
80 78
81 78
82 78
83 78
84 78
85 78
86 78
87 78
87 79
86 79
85 79
84 79
83 79
82 79
81 79
80 79
79 79
78 79
77 79
76 79
75 79
74 79
73 79
72 79
71 79
70 79
69 79
68 79
67 79
66 79
65 79
64 78
63 78
62 77
61 77
60 77
59 77
58 77
59 78
60 78
61 78
62 78
63 79
64 79
65 80
66 80
67 80
68 80
69 80
70 80
71 80
72 80
73 80
74 80
75 80
76 80
77 80
78 80
79 80
80 80
81 80
82 80
83 80
84 80
85 80
86 80
87 80
87 81
86 81
85 81
84 81
83 81
82 81
81 81
80 81
79 81
78 81
77 81
76 81
75 81
74 81
73 81
72 81
71 81
70 81
69 81
68 81
67 81
66 81
65 81
64 80
63 80
62 79
61 79
60 79
59 79
58 78
57 77
56 77
57 78
58 79
57 79
56 78
55 77
54 77
55 78
56 79
57 80
58 80
59 80
60 80
61 80
62 80
63 81
64 81
65 82
66 82
67 82
68 82
69 82
70 82
71 82
72 82
73 82
74 82
75 82
76 82
77 82
78 82
79 82
80 82
81 82
82 82
83 82
84 82
85 82
86 82
87 82
87 83
86 83
85 83
84 83
83 83
82 83
81 83
80 83
79 83
78 83
77 83
76 83
75 83
74 83
73 83
72 83
71 83
70 83
69 83
68 83
67 83
66 83
65 83
64 82
63 82
62 81
61 81
60 81
59 81
58 81
57 81
56 80
55 79
54 78
53 77
52 77
53 78
54 79
55 80
56 81
57 82
58 82
59 82
60 82
61 82
62 82
63 83
64 83
65 84
66 84
67 84
68 84
69 84
70 84
71 84
72 84
73 84
74 84
75 84
76 84
77 84
78 84
79 84
80 84
81 84
82 84
83 84
84 84
85 84
86 84
87 84
87 85
86 85
85 85
84 85
83 85
82 85
81 85
80 85
79 85
78 85
77 85
76 85
75 85
74 85
73 85
72 85
71 85
70 85
69 85
68 85
67 85
66 85
65 85
64 84
63 84
62 83
61 83
60 83
59 83
58 83
57 83
56 82
55 81
54 80
53 79
52 78
51 77
50 76
49 76
50 77
51 78
52 79
53 80
54 81
55 82
56 83
55 83
54 82
53 81
52 80
51 79
50 78
49 77
48 76
47 75
46 74
45 73
44 72
43 71
42 70
41 69
40 68
39 68
38 67
38 66
37 65
36 64
35 63
35 62
35 61
34 60
34 59
33 58
33 57
33 56
33 55
32 54
32 53
32 52
32 51
32 50
32 49
31 48
30 47
29 46
28 45
28 44
28 43
28 42
28 41
28 40
28 39
29 38
29 37
30 36
31 35
32 34
32 33
33 32
34 31
35 30
36 29
37 28
38 27
39 26
40 25
41 24
42 23
43 22
44 21
45 20
46 19
47 18
48 17
49 16
50 15
51 15
52 15
53 15
54 15
55 15
56 15
57 15
58 15
59 15
60 15
61 15
62 14
62 13
63 12
62 12
61 13
61 14
60 14
60 13
61 12
60 12
59 13
59 14
58 14
58 13
59 12
58 12
57 13
57 14
56 14
56 13
57 12
56 12
55 13
55 14
54 14
54 13
55 12
54 12
53 13
53 14
52 14
52 13
53 12
52 12
51 13
51 14
50 14
50 13
51 12
50 12
49 13
49 14
49 15
50 16
51 16
52 16
53 16
54 16
55 16
56 16
57 16
58 16
59 16
60 16
61 16
62 17
63 17
64 17
65 17
65 18
65 19
65 20
65 21
65 22
65 23
65 24
65 25
65 26
65 27
65 28
66 29
67 30
68 31
69 32
70 33
71 34
70 34
71 35
72 34
73 33
74 32
75 31
76 30
77 29
78 28
79 27
80 26
81 25
82 24
83 23
84 22
85 21
86 20
87 19
88 18
89 17
90 16
90 15
89 16
88 17
87 18
86 18
85 18
84 18
83 18
82 18
81 18
80 18
79 18
78 18
77 18
76 18
75 18
74 18
73 18
72 18
71 18
70 18
69 18
68 18
67 18
66 18
65 18
64 18
63 18
62 18
61 18
61 19
60 19
60 20
59 20
59 21
58 21
58 22
57 22
57 23
56 23
56 24
55 24
55 25
56 25
57 25
57 24
58 24
58 23
59 23
59 22
60 22
60 21
61 21
61 20
62 20
62 19
63 19
63 20
63 21
62 21
62 22
61 22
61 23
60 23
60 24
59 24
59 25
58 25
59 26
60 26
60 25
61 25
61 24
62 24
62 23
63 23
63 22
64 22
64 21
64 20
64 19
64 20
64 21
64 22
64 23
64 24
63 24
63 25
62 25
62 26
61 26
62 26
63 26
63 27
64 27
64 26
64 25
64 26
64 27
64 28
65 29
65 30
65 31
66 31
66 30
67 31
68 32
69 33
68 32
67 31
66 30
65 29
64 28
63 27
62 26
61 25
60 24
59 23
58 22
57 21
56 21
55 21
54 21
53 21
52 21
51 21
50 21
49 21
48 21
47 21
46 21
45 21
45 22
44 22
44 23
43 23
43 24
42 24
42 25
41 25
41 26
40 26
40 27
39 27
39 28
38 28
38 29
37 29
37 30
36 30
36 31
35 31
35 32
34 32
33 31
32 31
32 30
31 30
31 29
30 29
30 28
29 28
29 27
28 27
28 26
27 26
27 25
26 25
26 24
25 24
25 23
25 22
25 21
25 20
25 19
25 18
25 17
25 16
25 15
25 14
25 13
25 12
26 12
26 13
26 14
26 15
26 16
26 17
26 18
26 19
26 20
26 21
26 22
26 23
27 23
27 22
27 21
27 20
27 19
27 18
27 17
27 16
27 15
27 14
27 13
27 12
28 12
28 13
28 14
28 15
28 16
28 17
28 18
28 19
28 20
28 21
28 22
28 23
28 24
27 24
28 25
29 25
29 24
29 23
29 22
29 21
29 20
29 19
29 18
29 17
29 16
29 15
29 14
29 13
29 12
30 12
30 13
30 14
30 15
30 16
30 17
30 18
30 19
30 20
30 21
30 22
30 23
30 24
30 25
30 26
29 26
30 27
31 27
31 26
31 25
31 24
31 23
31 22
31 21
31 20
31 19
31 18
31 17
31 16
31 15
31 14
31 13
31 12
32 12
32 13
32 14
32 15
32 16
32 17
32 18
32 19
32 20
32 21
32 22
32 23
32 24
32 25
32 26
32 27
32 28
31 28
32 29
33 29
33 28
33 27
33 26
33 25
33 24
33 23
33 22
33 21
33 20
33 19
33 18
33 17
33 16
33 15
33 14
33 13
33 12
34 12
34 13
34 14
34 15
34 16
34 17
34 18
34 19
34 20
34 21
34 22
34 23
34 24
34 25
34 26
34 27
34 28
34 29
34 30
33 30
34 29
35 29
35 28
35 27
35 26
35 25
35 24
35 23
35 22
35 21
35 20
35 19
35 18
35 17
35 16
35 15
35 14
35 13
35 12
36 12
36 13
36 14
36 15
36 16
36 17
36 18
36 19
36 20
36 21
36 22
36 23
36 24
36 25
36 26
36 27
36 28
37 27
37 26
37 25
37 24
37 23
37 22
37 21
37 20
37 19
37 18
37 17
37 16
37 15
37 14
37 13
37 12
38 12
38 13
38 14
38 15
38 16
38 17
38 18
38 19
38 20
38 21
38 22
38 23
38 24
38 25
38 26
39 25
39 24
39 23
39 22
39 21
39 20
39 19
39 18
39 17
39 16
39 15
39 14
39 13
39 12
40 12
40 13
40 14
40 15
40 16
40 17
40 18
40 19
40 20
40 21
40 22
40 23
40 24
41 23
41 22
41 21
41 20
41 19
41 18
41 17
41 16
41 15
41 14
41 13
41 12
42 12
42 13
42 14
42 15
42 16
42 17
42 18
42 19
42 20
42 21
42 22
43 21
43 20
43 19
43 18
43 17
43 16
43 15
43 14
43 13
43 12
44 12
44 13
44 14
44 15
44 16
44 17
44 18
44 19
44 20
45 19
45 18
45 17
45 16
45 15
45 14
45 13
45 12
46 12
46 13
46 14
46 15
46 16
46 17
46 18
47 17
47 16
47 15
47 14
47 13
47 12
48 12
48 13
48 14
48 15
48 16
49 17
49 18
48 18
48 19
47 19
47 20
46 20
46 21
46 22
46 23
45 23
45 24
44 24
44 25
43 25
43 26
42 26
42 27
41 27
42 27
43 27
44 27
44 26
45 26
45 25
46 25
46 24
47 24
47 23
47 22
48 22
48 23
48 24
49 24
49 23
49 22
50 22
50 23
50 24
51 24
51 23
51 22
52 22
52 23
52 24
53 24
53 23
53 22
54 22
54 23
55 22
55 21
55 20
54 20
53 20
52 20
51 20
50 20
49 20
48 20
49 19
50 19
50 18
50 17
51 17
51 18
51 19
52 19
52 18
52 17
53 17
53 18
53 19
54 19
54 18
54 17
55 17
55 18
55 19
56 19
56 18
56 17
57 17
57 18
57 19
57 20
56 20
57 19
58 19
58 18
58 17
59 17
59 18
60 17
59 16
58 15
57 14
56 13
55 12
54 12
53 12
52 12
51 12
50 12
49 12
48 13
47 14
46 15
45 16
44 17
43 18
42 19
41 20
40 21
39 22
38 23
37 24
36 25
36 26
36 27
36 28
36 29
36 30
36 31
36 32
35 32
34 32
33 32
32 32
31 32
30 32
29 32
28 32
27 32
26 32
25 32
25 31
25 30
25 29
25 28
25 27
25 26
26 27
26 28
26 29
26 30
26 31
27 31
27 30
27 29
27 28
28 29
28 30
28 31
29 31
29 30
30 31
30 32
30 33
29 33
28 33
27 33
26 33
25 33
25 34
25 35
25 36
25 37
25 38
25 39
25 40
25 41
25 42
25 43
25 44
25 45
25 46
25 47
25 48
25 49
25 50
25 51
25 52
25 53
25 54
25 55
25 56
25 57
25 58
25 59
25 60
25 61
25 62
25 63
25 64
25 65
25 66
25 67
25 68
25 69
25 70
25 71
25 72
25 73
25 74
25 75
25 76
25 77
25 78
25 79
25 80
25 81
25 82
25 83
25 84
25 85
25 86
25 87
25 88
25 89
25 90
25 91
25 92
26 91
26 90
26 89
26 88
26 87
26 86
26 85
26 84
26 83
26 82
26 81
26 80
26 79
26 78
26 77
26 76
26 75
26 74
26 73
26 72
26 71
26 70
26 69
26 68
26 67
26 66
26 65
26 64
26 63
26 62
26 61
26 60
26 59
26 58
26 57
26 56
26 55
26 54
26 53
26 52
26 51
26 50
26 49
26 48
26 47
26 46
26 45
26 44
26 43
26 42
26 41
26 40
26 39
26 38
26 37
26 36
26 35
26 34
27 34
27 35
27 36
27 37
27 38
27 39
27 40
27 41
27 42
27 43
27 44
27 45
27 46
27 47
27 48
27 49
27 50
27 51
27 52
27 53
27 54
27 55
27 56
27 57
27 58
27 59
27 60
27 61
27 62
27 63
27 64
27 65
27 66
27 67
27 68
27 69
27 70
27 71
27 72
27 73
27 74
27 75
27 76
27 77
27 78
27 79
27 80
27 81
27 82
27 83
27 84
27 85
27 86
27 87
27 88
27 89
27 90
27 91
27 92
28 92
28 91
28 90
28 89
28 88
28 87
28 86
28 85
28 84
28 83
28 82
28 81
28 80
28 79
28 78
28 77
28 76
28 75
28 74
28 73
28 72
28 71
28 70
28 69
28 68
28 67
28 66
28 65
28 64
28 63
28 62
28 61
28 60
28 59
28 58
28 57
28 56
28 55
28 54
28 53
28 52
28 51
28 50
28 49
28 48
28 47
28 46
29 47
29 48
29 49
29 50
29 51
29 52
29 53
29 54
29 55
29 56
29 57
29 58
29 59
29 60
29 61
29 62
29 63
29 64
29 65
29 66
29 67
29 68
29 69
29 70
29 71
29 72
29 73
29 74
29 75
29 76
29 77
29 78
29 79
29 80
29 81
29 82
29 83
29 84
29 85
29 86
29 87
29 88
29 89
29 90
29 91
30 91
30 90
30 89
30 88
30 87
30 86
30 85
30 84
30 83
30 82
30 81
30 80
30 79
30 78
30 77
30 76
30 75
30 74
30 73
30 72
30 71
30 70
30 69
30 68
30 67
30 66
30 65
30 64
30 63
30 62
30 61
30 60
30 59
30 58
30 57
30 56
30 55
30 54
30 53
30 52
30 51
30 50
30 49
30 48
31 49
31 50
31 51
31 52
31 53
31 54
31 55
31 56
31 57
31 58
31 59
31 60
31 61
31 62
31 63
31 64
31 65
31 66
31 67
31 68
31 69
31 70
31 71
31 72
31 73
31 74
31 75
31 76
31 77
31 78
31 79
31 80
31 81
31 82
31 83
31 84
31 85
31 86
31 87
31 88
31 89
31 90
31 91
31 92
30 92
31 92
32 92
32 91
32 90
32 89
32 88
32 87
32 86
32 85
32 84
32 83
32 82
32 81
32 80
32 79
32 78
32 77
32 76
32 75
32 74
32 73
32 72
32 71
32 70
32 69
32 68
32 67
32 66
32 65
32 64
32 63
32 62
32 61
32 60
32 59
32 58
32 57
32 56
32 55
33 56
33 57
33 58
33 59
33 60
33 61
33 62
33 63
33 64
33 65
33 66
33 67
33 68
33 69
33 70
33 71
33 72
33 73
33 74
33 75
33 76
33 77
33 78
33 79
33 80
33 81
33 82
33 83
33 84
33 85
33 86
33 87
33 88
33 89
33 90
33 91
33 92
34 92
34 91
34 90
34 89
34 88
34 87
34 86
34 85
34 84
34 83
34 82
34 81
34 80
34 79
34 78
34 77
34 76
34 75
34 74
34 73
34 72
34 71
34 70
34 69
34 68
34 67
34 66
34 65
34 64
34 63
34 62
34 61
35 62
35 63
35 64
35 65
35 66
35 67
35 68
35 69
35 70
35 71
35 72
35 73
35 74
35 75
35 76
35 77
35 78
35 79
35 80
35 81
35 82
35 83
35 84
35 85
35 86
35 87
35 88
35 89
35 90
35 91
35 92
36 92
36 91
36 90
36 89
36 88
36 87
36 86
36 85
36 84
36 83
36 82
36 81
36 80
36 79
36 78
36 77
36 76
36 75
36 74
36 73
36 72
36 71
36 70
36 69
36 68
36 67
36 66
36 65
37 66
37 67
37 68
37 69
37 70
37 71
37 72
37 73
37 74
37 75
37 76
37 77
37 78
37 79
37 80
37 81
37 82
37 83
37 84
37 85
37 86
37 87
37 88
37 89
37 90
37 91
37 92
38 92
38 91
38 90
38 89
38 88
38 87
38 86
38 85
38 84
38 83
38 82
38 81
38 80
38 79
38 78
38 77
38 76
38 75
38 74
38 73
38 72
38 71
38 70
38 69
38 68
39 69
39 70
39 71
39 72
39 73
39 74
39 75
39 76
39 77
39 78
39 79
39 80
39 81
39 82
39 83
39 84
39 85
39 86
39 87
39 88
39 89
39 90
39 91
39 92
40 92
40 91
40 90
40 89
40 88
40 87
40 86
40 85
40 84
40 83
40 82
40 81
40 80
40 79
40 78
40 77
40 76
40 75
40 74
40 73
40 72
40 71
40 70
40 69
41 70
41 71
41 72
41 73
41 74
41 75
41 76
41 77
41 78
41 79
41 80
41 81
41 82
41 83
41 84
41 85
41 86
41 87
41 88
41 89
41 90
41 91
41 92
42 92
42 91
42 90
42 89
42 88
42 87
42 86
42 85
42 84
42 83
42 82
42 81
42 80
42 79
42 78
42 77
42 76
42 75
42 74
42 73
42 72
42 71
43 72
43 73
43 74
43 75
43 76
43 77
43 78
43 79
43 80
43 81
43 82
43 83
43 84
43 85
43 86
43 87
43 88
43 89
43 90
43 91
43 92
44 92
44 91
44 90
44 89
44 88
44 87
44 86
44 85
44 84
44 83
44 82
44 81
44 80
44 79
44 78
44 77
44 76
44 75
44 74
44 73
45 74
45 75
45 76
45 77
45 78
45 79
45 80
45 81
45 82
45 83
45 84
45 85
45 86
45 87
45 88
45 89
45 90
45 91
45 92
46 92
46 91
46 90
46 89
46 88
46 87
46 86
46 85
46 84
46 83
46 82
46 81
46 80
46 79
46 78
46 77
46 76
46 75
47 76
47 77
47 78
47 79
47 80
47 81
47 82
47 83
47 84
47 85
47 86
47 87
47 88
47 89
47 90
47 91
47 92
48 92
48 91
48 90
48 89
48 88
48 87
48 86
48 85
48 84
48 83
48 82
48 81
48 80
48 79
48 78
48 77
49 78
49 79
49 80
49 81
49 82
49 83
49 84
49 85
49 86
49 87
49 88
49 89
49 90
49 91
49 92
50 92
50 91
50 90
50 89
50 88
50 87
50 86
50 85
50 84
50 83
50 82
50 81
50 80
50 79
51 80
51 81
51 82
51 83
51 84
51 85
51 86
51 87
51 88
51 89
51 90
51 91
51 92
52 92
52 91
52 90
52 89
52 88
52 87
52 86
52 85
52 84
52 83
52 82
52 81
53 82
53 83
53 84
53 85
53 86
53 87
53 88
53 89
53 90
53 91
53 92
54 92
54 91
54 90
54 89
54 88
54 87
54 86
54 85
54 84
54 83
55 84
55 85
55 86
55 87
55 88
55 89
55 90
55 91
55 92
56 92
56 91
56 90
56 89
56 88
56 87
56 86
56 85
56 84
57 84
57 85
57 86
57 87
57 88
57 89
57 90
57 91
57 92
58 92
58 91
58 90
58 89
58 88
58 87
58 86
58 85
58 84
59 84
59 85
59 86
59 87
59 88
59 89
59 90
59 91
59 92
60 92
60 91
60 90
60 89
60 88
60 87
60 86
60 85
60 84
61 84
61 85
61 86
61 87
61 88
61 89
61 90
61 91
61 92
62 92
62 91
62 90
62 89
62 88
62 87
62 86
62 85
62 84
63 85
63 86
63 87
63 88
63 89
63 90
63 91
63 92
64 92
64 91
64 90
64 89
64 88
64 87
64 86
64 85
65 86
65 87
65 88
65 89
65 90
65 91
65 92
66 92
66 91
66 90
66 89
66 88
66 87
66 86
67 86
67 87
67 88
67 89
67 90
67 91
67 92
68 92
68 91
68 90
68 89
68 88
68 87
68 86
69 86
69 87
69 88
69 89
69 90
69 91
69 92
70 92
70 91
70 90
70 89
70 88
70 87
70 86
71 86
71 87
71 88
71 89
71 90
71 91
71 92
72 92
72 91
72 90
72 89
72 88
72 87
72 86
73 86
73 87
73 88
73 89
73 90
73 91
73 92
74 92
74 91
74 90
74 89
74 88
74 87
74 86
75 86
75 87
75 88
75 89
75 90
75 91
75 92
76 92
76 91
76 90
76 89
76 88
76 87
76 86
77 86
77 87
77 88
77 89
77 90
77 91
77 92
78 92
78 91
78 90
78 89
78 88
78 87
78 86
79 86
79 87
79 88
79 89
79 90
79 91
79 92
80 92
80 91
80 90
80 89
80 88
80 87
80 86
81 86
81 87
81 88
81 89
81 90
81 91
81 92
82 92
82 91
82 90
82 89
82 88
82 87
82 86
83 86
83 87
83 88
83 89
83 90
83 91
83 92
84 92
84 91
84 90
84 89
84 88
84 87
84 86
85 86
85 87
85 88
85 89
85 90
85 91
85 92
86 92
86 91
86 90
86 89
86 88
86 87
86 86
87 86
87 87
87 88
87 89
87 90
87 91
86 90
85 89
84 88
83 87
82 86
81 85
80 84
79 83
78 82
77 81
76 80
75 79
74 78
73 77
72 76
71 75
70 74
69 73
68 72
67 71
66 70
65 69
64 68
63 67
62 66
61 65
60 64
59 63
58 62
57 61
56 60
55 59
54 58
53 57
52 56
51 55
50 54
49 53
48 52
47 51
46 50
45 49
44 48
43 47
42 46
41 45
40 44
39 43
38 42
37 41
36 40
35 39
34 38
33 37
32 36
31 35
30 35
29 35
28 35
28 34
29 34
30 34
31 34
31 33
30 34
29 35
29 36
28 36
28 37
28 38
